100 854
899 371 56 60 172 847 471 911 573 960 655 907 275 400 445 357 578 386 60 572 857 904 809 993 543 574 495 689 14 822 222 168 174 862 650 897 782 511 224 899 951 215 908 774 617 778 937 639 459 828 49 656 124 930 470 355 439 297 895 760 495 759 807 565 159 41 675 734 893 621 251 693 808 201 394 667 856 235 353 136 293 90 393 832 562 797 624 655 971 451 142 653 965 898 191 717 493 556 684 875 
787 599 326 85 960 196 234 723 775 611 668 721 568 276 205 261 418 113 102 196 882 922 762 210 327 113 182 857 672 735 349 801 984 775 266 425 384 698 364 718 238 42 57 450 629 707 180 206 789 390 401 307 380 816 404 908 869 338 92 240 192 427 925 96 82 539 86 20 751 113 912 603 117 32 201 474 283 149 904 644 546 132 57 571 602 915 835 870 352 647 737 611 174 854 326 55 227 349 308 500 
893 907 54 434 133 685 52 970 498 123 847 118 105 515 110 133 75 989 713 390 150 639 900 506 201 994 278 311 411 492 954 754 339 919 853 212 781 169 994 65 707 830 66 117 730 11 568 392 559 789 508 636 418 818 638 20 249 805 934 439 632 160 785 461 544 740 31 273 101 485 986 752 733 916 737 305 462 157 406 773 207 978 885 185 849 447 975 201 527 929 30 888 204 536 297 22 124 180 354 432 
982 231 654 974 864 551 924 681 116 855 410 724 633 974 788 20 989 928 207 659 634 220 189 745 518 710 722 164 160 726 15 842 87 841 892 236 781 277 811 190 892 611 794 948 848 640 353 231 389 492 829 559 98 984 621 43 743 65 331 872 123 850 789 831 392 577 101 66 859 928 397 647 695 223 47 709 553 288 532 383 682 435 611 792 144 44 420 686 590 121 62 153 181 472 342 366 186 537 649 15 
938 15 107 277 812 861 393 529 150 678 164 846 43 422 55 36 691 831 571 681 387 158 889 272 966 728 456 823 764 415 175 123 715 730 717 711 75 755 791 181 430 858 978 236 728 411 402 227 283 603 642 517 702 361 61 53 967 738 500 451 806 741 57 224 652 785 123 990 557 971 707 236 418 484 286 737 1 963 396 862 696 991 321 17 184 976 490 807 671 302 498 674 233 106 869 475 304 572 805 490 
481 940 339 284 760 501 520 476 975 6 517 693 635 147 184 950 560 316 127 639 958 437 826 323 44 701 228 223 220 931 898 66 311 158 392 941 570 763 1000 453 537 533 212 495 427 367 390 187 798 62 430 908 637 373 212 567 551 856 486 138 114 686 892 679 823 953 770 80 888 111 398 77 887 830 738 532 401 235 524 777 483 956 821 535 979 559 271 53 843 122 962 916 625 109 393 696 106 485 416 365 
681 370 505 700 306 90 15 166 276 479 986 408 742 343 229 159 881 892 972 534 854 259 482 510 786 688 898 358 559 282 244 483 77 274 234 473 849 802 771 474 700 348 296 175 711 168 550 749 237 482 171 169 531 787 140 896 627 127 950 616 127 936 668 379 900 545 617 29 116 53 166 563 249 1000 862 814 143 902 951 529 801 427 844 991 895 58 465 73 574 347 55 991 833 103 609 20 902 117 270 639 
556 994 631 95 732 812 211 702 565 152 338 210 557 501 783 976 284 561 25 65 211 946 995 482 709 575 187 703 532 376 232 680 392 147 872 222 812 913 456 391 817 360 349 832 647 698 435 971 577 846 124 690 584 509 515 426 867 672 794 907 630 689 896 703 392 863 791 121 617 109 365 304 516 797 593 156 145 225 905 233 198 530 34 250 903 605 871 335 500 619 557 441 498 871 471 669 405 22 29 528 
204 658 58 506 893 567 486 270 818 506 577 889 652 830 298 609 72 944 279 360 39 398 109 905 602 188 587 178 53 943 266 898 556 566 775 5 652 838 876 982 595 412 259 12 218 560 429 888 921 528 771 62 300 130 819 618 333 119 460 237 811 172 381 16 585 755 107 912 881 914 882 658 99 801 879 545 488 370 443 230 676 268 266 640 108 768 21 692 548 360 964 958 924 924 760 385 900 896 536 747 
677 395 826 693 114 976 717 73 135 970 92 805 560 292 37 935 830 327 91 801 494 591 553 167 418 480 521 838 500 108 124 207 215 713 602 733 352 921 404 588 606 442 400 802 654 711 476 194 914 190 839 334 347 404 805 557 700 414 289 694 617 193 360 92 680 436 3 450 758 140 461 489 429 160 822 671 269 319 95 842 121 807 111 478 747 143 414 931 650 439 192 530 107 470 548 145 638 892 629 542 
363 818 528 48 909 870 855 420 109 891 526 407 986 457 492 975 495 369 197 567 997 563 325 18 59 171 111 215 131 81 47 262 736 585 597 483 661 915 499 544 343 419 520 824 357 251 534 289 550 784 89 849 780 931 522 13 184 512 899 94 815 764 563 821 531 290 547 879 613 167 186 100 65 575 951 205 162 671 61 677 569 381 916 34 816 213 885 468 427 925 38 677 353 67 983 752 638 534 844 431 
773 634 388 632 766 783 41 768 338 260 865 419 902 601 548 90 231 450 255 54 891 523 849 36 25 720 620 850 105 59 606 577 390 388 544 475 627 380 135 670 436 626 241 354 831 26 818 320 235 283 672 4 840 400 236 884 583 513 754 697 906 131 538 557 95 101 136 989 298 452 696 714 17 281 223 275 28 298 838 741 44 647 216 805 2 637 222 341 395 840 169 365 483 692 1000 324 993 277 306 792 
818 536 78 34 184 730 577 301 627 967 144 704 488 845 470 970 266 458 953 398 142 924 384 487 900 904 399 934 571 484 775 289 923 617 215 782 657 379 112 809 694 267 391 738 641 15 452 34 447 376 155 992 744 284 424 183 683 141 105 154 789 426 926 147 510 429 700 143 164 469 299 198 452 716 53 778 422 356 448 95 289 45 517 930 735 114 281 132 290 229 764 321 759 568 185 587 170 854 173 245 
746 536 652 661 822 980 256 169 296 668 787 430 233 643 471 893 429 365 219 271 104 975 217 482 66 44 478 324 191 290 466 159 986 253 185 342 419 706 249 591 270 118 693 953 646 24 408 736 449 125 238 791 670 867 352 790 373 520 167 860 254 819 763 294 548 586 883 16 483 526 632 203 432 636 965 760 288 494 74 492 732 10 306 445 995 145 249 340 424 258 650 187 734 735 63 465 873 105 466 412 
487 752 124 270 646 821 605 274 152 340 27 529 525 772 662 704 247 961 267 333 740 356 831 626 471 88 559 897 248 976 158 281 829 144 567 695 89 34 115 176 621 298 484 926 84 995 515 137 523 451 960 913 152 276 816 985 161 301 491 989 737 665 686 168 304 982 919 791 248 537 736 402 543 87 317 100 513 327 345 32 845 503 694 559 36 12 211 863 269 318 755 246 181 771 748 408 933 458 261 45 
692 123 212 447 926 341 678 178 229 16 832 468 935 381 262 463 849 691 898 349 347 67 367 348 267 957 542 826 598 212 25 818 228 952 22 63 171 211 143 393 655 143 927 782 673 637 503 690 589 737 723 90 945 852 926 846 995 953 773 37 178 405 763 109 512 17 384 259 445 529 639 616 63 618 88 101 866 504 683 176 571 477 271 759 777 33 458 468 373 854 113 146 713 107 914 96 512 372 16 835 
5 344 983 432 270 955 737 346 554 892 648 801 112 233 861 284 714 114 801 584 258 588 738 121 404 375 271 824 741 210 375 614 106 150 575 993 635 728 35 156 865 234 368 315 918 228 855 616 92 583 916 199 49 915 559 577 146 714 978 519 486 20 653 677 396 660 703 162 830 115 646 732 696 643 465 649 164 750 43 731 640 145 418 500 155 891 761 531 763 842 835 509 883 121 778 663 451 570 775 675 
840 890 738 530 798 677 379 833 411 920 490 398 781 718 509 773 135 244 496 414 8 697 458 65 612 432 949 469 544 25 550 909 424 127 214 333 923 650 440 75 689 456 764 873 636 903 507 482 253 695 884 987 560 662 887 100 898 707 104 479 874 615 909 648 422 33 947 109 448 785 327 225 417 143 401 971 483 285 621 500 389 866 85 801 27 336 977 398 509 65 377 404 801 381 852 315 755 111 82 156 
211 290 143 304 16 133 440 533 532 662 643 803 200 446 458 129 714 305 241 918 291 386 945 677 150 884 499 511 582 467 496 791 447 588 273 675 224 643 659 119 687 52 253 78 189 956 637 803 316 832 543 260 638 222 719 825 904 595 90 708 911 36 808 361 617 89 293 175 88 951 336 384 778 149 251 118 332 746 988 678 761 629 99 665 485 884 813 560 207 201 984 785 62 586 369 696 811 344 363 983 
200 243 720 704 31 867 788 122 758 2 616 99 369 928 245 781 617 591 145 692 668 608 895 262 364 21 802 956 348 425 994 449 233 693 99 248 669 869 673 699 834 274 129 969 157 873 740 895 289 852 69 515 821 935 421 68 760 237 164 254 941 84 355 797 866 919 192 208 773 499 762 96 240 412 102 217 300 824 625 472 909 12 975 117 597 518 747 539 203 802 319 566 997 57 967 428 627 528 993 799 
886 317 103 202 737 630 617 26 671 125 364 79 357 15 688 843 385 373 945 114 956 813 99 819 84 529 931 150 588 263 996 262 16 563 560 313 860 442 488 605 836 568 773 461 362 405 607 829 507 36 974 946 363 500 72 965 2 130 778 642 366 470 666 860 27 997 884 364 225 263 572 417 758 626 20 770 963 791 566 698 210 187 380 291 312 624 541 54 408 477 851 225 889 20 739 882 16 291 181 235 
993 501 389 23 90 57 928 29 744 843 131 634 135 490 593 811 468 82 315 316 957 402 149 394 627 689 151 872 6 869 441 376 866 4 266 167 418 998 675 670 298 139 143 847 920 361 398 813 342 832 938 311 929 418 25 286 902 13 877 165 414 67 777 944 631 612 733 920 789 338 251 535 600 781 946 30 832 128 699 543 454 436 458 856 301 251 951 445 505 200 94 889 887 741 884 742 845 301 588 611 
107 179 609 101 402 707 84 442 828 335 519 586 941 516 659 790 512 383 983 286 380 986 251 893 465 892 348 672 150 647 832 823 45 843 980 491 465 755 372 593 798 511 4 701 178 298 292 978 626 205 369 633 176 707 993 585 116 270 871 350 961 522 273 469 130 561 254 230 164 759 595 787 325 630 416 825 389 837 151 308 940 92 636 719 460 764 547 164 273 612 278 497 774 399 383 180 354 84 205 25 
651 222 810 49 385 118 140 229 342 21 994 459 141 638 506 416 737 459 32 551 759 799 513 241 398 580 209 381 637 614 194 914 391 408 807 267 187 381 144 898 350 570 550 832 613 882 745 771 893 89 607 994 94 997 104 117 648 738 464 520 828 262 469 649 158 485 346 744 330 277 819 919 36 339 586 922 668 312 314 169 594 623 937 459 495 752 235 70 188 842 900 68 702 428 862 87 507 917 693 417 
342 876 375 557 337 178 72 946 547 168 988 473 584 555 654 245 569 895 209 147 995 458 5 522 196 656 93 492 67 768 382 405 216 700 674 716 964 606 478 912 417 370 665 116 613 983 894 366 156 938 147 573 52 988 235 633 477 10 537 303 784 166 151 389 566 252 397 171 477 440 781 83 375 54 359 242 515 601 761 167 952 72 825 747 191 431 318 714 337 698 619 833 145 607 238 608 243 484 416 643 
980 94 461 283 444 804 743 98 202 707 630 479 654 11 907 942 789 850 949 564 264 680 188 34 414 651 387 487 252 564 883 723 586 49 198 825 112 724 305 877 360 124 382 159 349 146 873 302 997 679 97 776 443 900 905 264 704 458 80 314 299 108 910 644 22 385 944 813 491 526 421 106 223 812 97 86 822 317 626 914 47 413 698 965 985 447 861 62 902 253 532 96 711 948 888 581 793 783 386 374 
158 746 819 26 334 562 359 933 784 116 120 738 484 612 192 773 931 695 959 834 977 626 462 634 817 132 634 47 945 985 717 661 848 297 882 980 86 232 24 627 107 279 729 144 162 972 219 93 711 165 990 861 439 467 327 751 567 924 548 729 376 337 97 82 529 73 811 489 110 277 147 889 359 831 182 905 948 485 994 847 991 130 867 134 346 798 319 528 148 804 686 493 222 245 190 67 258 724 230 944 
118 985 58 695 805 706 558 672 551 511 167 283 827 308 390 749 66 941 366 604 133 165 688 304 233 487 164 611 858 40 579 914 902 245 819 276 100 57 827 267 229 706 120 832 505 869 175 212 277 46 435 108 28 917 313 308 171 669 154 192 777 335 954 607 31 239 999 425 596 253 307 154 549 94 509 255 171 964 493 665 437 403 927 192 800 421 210 289 875 697 570 315 928 600 266 102 384 56 366 957 
110 644 439 670 87 531 728 104 200 192 970 428 849 827 747 567 809 486 379 670 498 842 18 43 614 274 852 424 154 776 959 177 81 264 551 327 36 938 904 418 129 139 348 926 594 502 836 665 112 366 172 284 735 976 147 393 371 551 400 468 307 920 324 180 413 359 555 44 131 601 900 493 189 300 260 527 63 444 573 247 924 303 597 371 826 267 572 244 360 302 182 771 661 766 739 855 171 163 483 614 
117 874 853 954 772 923 921 238 960 733 605 561 461 520 246 810 556 19 879 429 203 615 126 44 808 196 453 578 114 818 790 236 584 707 331 913 967 704 669 171 533 585 315 646 259 384 830 353 323 64 458 571 687 794 512 872 882 456 217 284 930 990 213 519 438 350 478 505 20 555 494 152 575 744 592 31 623 17 950 697 769 370 135 855 57 359 739 247 869 860 289 166 468 22 912 710 358 721 333 891 
646 68 206 106 957 554 292 572 17 522 558 178 614 969 235 185 723 510 560 568 528 551 660 903 807 706 399 466 337 966 282 790 178 123 499 140 96 495 543 612 295 915 494 235 121 725 361 256 484 967 615 875 164 504 825 272 883 818 306 315 910 900 371 875 186 976 726 460 950 575 673 519 779 196 645 253 634 335 312 325 372 595 664 850 392 65 481 536 96 350 384 960 461 403 153 914 165 867 518 986 
562 403 817 454 716 349 629 487 273 861 159 599 348 776 818 578 908 105 364 448 311 974 507 745 383 187 220 162 235 789 469 743 513 185 777 833 283 270 572 138 471 896 712 383 995 575 311 790 953 400 945 87 783 114 129 656 147 259 595 131 517 412 985 163 165 963 391 95 814 839 795 742 739 705 513 700 666 737 493 388 774 254 898 790 929 106 131 82 1 302 112 894 754 90 595 85 957 839 4 705 
111 920 202 778 365 542 610 135 799 292 837 148 3 107 933 149 627 39 208 826 41 753 497 779 154 461 947 990 409 287 159 918 134 58 48 599 182 569 21 528 836 186 399 487 512 927 731 547 688 215 946 558 908 653 823 137 854 543 809 997 49 841 674 247 770 11 247 964 637 473 33 974 609 809 426 997 254 586 244 393 845 83 47 358 249 178 362 113 149 870 836 635 718 639 331 228 67 756 293 274 
882 613 669 129 876 539 216 909 492 485 856 350 996 148 336 483 560 32 354 571 31 428 502 607 104 648 955 420 305 486 571 872 990 343 154 906 863 967 951 327 34 622 991 875 500 56 989 293 650 520 310 470 421 880 469 954 901 668 802 176 389 608 585 671 735 150 520 473 185 133 704 301 233 366 808 447 109 673 70 323 870 312 480 722 398 410 682 660 887 563 400 567 454 209 423 62 512 354 767 558 
155 60 131 749 520 382 972 803 272 613 995 750 349 609 846 336 506 346 277 116 613 333 781 529 28 131 60 774 254 107 94 143 12 686 776 463 871 932 347 471 131 406 299 925 293 748 897 40 681 536 973 819 480 42 944 184 335 125 129 711 443 625 742 471 692 698 534 716 807 882 69 234 993 563 871 537 224 895 856 585 324 508 76 208 895 50 162 210 760 462 310 184 102 28 456 340 523 1000 959 579 
159 926 777 900 87 580 255 985 973 516 685 284 994 238 848 828 114 621 139 311 383 96 707 378 336 428 410 270 298 177 649 837 71 58 313 839 575 865 347 542 381 210 846 936 180 686 66 398 169 315 155 984 978 658 240 652 791 74 588 879 200 27 397 146 232 173 555 136 80 578 859 352 135 873 773 902 65 28 930 47 405 524 922 213 715 68 485 239 429 580 408 732 414 335 811 337 409 927 584 442 
851 327 462 270 467 768 936 262 761 888 528 542 709 9 655 773 225 622 369 546 986 323 92 728 978 101 618 115 610 648 520 659 135 400 110 488 154 457 7 423 772 107 995 524 49 56 308 464 301 368 709 854 276 584 298 480 398 238 971 591 227 656 683 483 268 605 177 144 51 635 396 281 835 971 660 809 938 859 871 344 661 338 137 850 197 937 184 703 106 408 303 518 429 943 128 99 354 662 392 475 
790 294 550 294 845 986 899 852 431 904 769 26 723 245 477 631 885 560 951 59 692 725 236 288 391 29 721 251 122 275 834 900 315 26 348 867 858 638 512 286 664 513 929 617 831 247 601 701 90 227 230 4 446 283 211 236 674 802 220 706 995 365 473 9 651 256 479 275 627 865 883 78 782 372 321 11 720 257 268 899 806 244 695 323 120 92 555 570 77 214 730 721 93 530 859 730 829 774 63 507 
599 281 284 141 776 235 343 128 358 868 895 314 409 586 448 984 320 910 486 603 248 49 18 111 697 355 969 936 962 901 491 582 382 256 338 795 182 685 668 377 873 886 714 833 281 757 170 50 888 947 802 359 611 227 358 181 782 641 363 139 240 325 661 538 512 605 790 231 312 138 704 494 554 337 845 825 352 860 437 74 823 626 424 501 903 429 60 794 716 402 185 722 865 335 899 975 454 592 736 281 
863 610 595 470 152 459 528 226 629 65 401 631 822 819 160 566 171 469 637 71 332 336 771 14 885 281 878 214 368 233 696 722 467 717 989 786 579 710 123 451 665 443 413 90 508 382 938 730 775 765 105 156 157 122 736 446 354 117 166 135 572 920 238 666 674 139 37 249 907 457 573 20 555 58 331 842 897 83 501 112 620 259 216 448 343 656 657 627 178 89 371 873 852 869 817 936 278 388 92 388 
441 355 479 94 243 878 745 768 238 978 18 704 385 33 458 907 275 513 390 572 37 351 69 357 615 904 546 461 614 808 778 58 108 974 561 9 913 704 984 308 169 267 10 139 366 998 590 518 496 255 215 402 921 582 875 770 501 137 353 344 634 111 991 836 69 329 891 972 366 630 880 157 796 902 114 225 100 361 574 217 710 425 532 181 904 829 838 321 311 824 54 794 531 305 291 626 107 188 124 136 
409 353 1000 804 615 747 557 105 738 700 408 572 85 247 556 844 65 206 46 10 772 509 353 731 576 535 45 51 238 767 110 220 930 706 186 224 817 187 218 172 440 422 60 565 950 393 161 735 333 192 787 324 773 113 769 178 122 471 822 296 870 962 743 425 130 279 708 722 290 284 328 617 446 535 468 47 328 519 105 608 411 563 621 311 432 842 248 799 295 155 999 800 108 190 576 55 984 801 111 553 
82 320 8 113 541 343 607 584 636 498 197 316 315 695 75 277 495 818 548 971 537 225 845 28 983 777 513 589 780 65 979 302 402 21 194 899 52 286 652 769 520 648 436 198 373 332 718 315 402 375 854 406 831 619 211 235 456 268 577 612 655 230 791 577 457 333 246 697 156 100 52 753 22 506 640 156 458 514 318 244 55 835 397 455 474 639 144 166 413 191 914 651 216 215 373 473 311 950 340 560 
268 121 223 176 110 57 511 270 521 114 379 205 752 196 603 183 73 423 427 125 440 755 786 875 223 382 443 878 493 714 843 954 652 286 853 472 447 35 106 797 291 138 677 369 485 212 942 758 548 402 885 439 281 686 810 323 141 850 530 474 689 216 637 55 884 825 829 327 392 322 137 865 38 123 956 390 636 546 311 755 596 680 774 156 606 90 490 212 585 339 898 426 286 263 328 838 85 107 81 453 
468 316 132 241 884 206 463 716 591 382 422 390 224 585 622 421 17 589 450 397 643 937 11 697 129 345 805 992 382 797 503 891 584 867 275 870 725 657 951 820 125 47 411 288 520 885 460 98 346 257 129 375 19 260 140 37 156 933 843 844 287 925 728 864 654 501 101 567 767 277 140 966 175 623 462 481 116 876 58 842 511 381 392 50 426 828 223 918 70 715 644 363 321 589 124 693 982 732 267 557 
764 699 22 137 372 637 950 872 421 454 382 102 434 929 223 965 423 457 2 909 968 59 454 157 547 716 98 186 566 55 781 703 548 458 788 646 44 602 69 542 458 347 209 46 962 388 422 72 347 795 190 530 873 317 410 9 877 833 492 942 32 878 307 814 957 81 904 293 679 708 129 674 724 115 515 937 568 392 445 965 76 858 235 628 737 826 768 808 1000 70 416 50 771 361 557 34 449 770 568 668 
694 364 98 933 329 686 548 759 955 324 868 410 340 190 88 771 208 832 672 385 914 82 719 157 800 112 202 682 255 20 717 158 968 962 762 551 931 517 987 289 987 784 850 279 875 240 671 625 95 568 850 213 398 197 753 936 62 419 196 718 384 391 559 865 5 343 792 935 730 198 321 559 224 53 208 621 264 982 942 572 669 482 917 635 841 503 838 315 965 90 913 48 691 811 501 222 542 793 515 901 
237 387 6 160 387 625 110 355 99 298 294 20 594 471 74 172 877 224 565 477 309 845 314 141 808 40 457 380 706 49 308 675 508 570 2 173 355 749 76 114 820 58 927 402 231 413 713 215 985 112 495 934 591 389 14 184 447 438 609 819 321 136 203 582 911 605 469 470 9 585 746 98 643 808 704 477 99 870 506 565 190 591 692 688 2 640 447 231 865 661 574 277 908 685 120 897 126 642 375 945 
83 278 415 218 865 155 299 190 182 385 781 966 58 845 724 760 126 199 699 978 93 965 544 976 610 615 26 530 146 435 351 753 547 186 964 723 790 234 118 581 625 949 753 729 239 658 359 433 12 419 979 66 12 975 375 700 571 528 83 265 971 103 606 836 993 350 625 340 336 855 770 177 267 540 223 111 389 951 405 544 635 562 79 239 44 377 194 26 328 471 33 295 215 526 780 163 11 331 518 366 
433 353 135 299 340 813 879 543 11 170 869 960 363 414 679 648 159 924 403 481 344 476 741 756 736 488 17 189 819 64 651 41 320 432 829 522 540 640 761 26 385 364 800 263 29 669 811 86 637 969 832 691 779 790 422 351 773 837 964 467 329 772 616 12 86 92 972 215 724 877 29 39 639 182 214 133 160 9 162 520 532 230 354 765 953 111 182 264 807 21 775 732 379 361 124 263 58 469 419 234 
211 60 731 167 910 102 95 971 676 329 237 791 518 725 808 609 115 582 476 249 628 784 800 585 507 950 8 259 412 763 995 994 946 477 730 170 412 438 699 969 426 973 964 914 507 836 308 615 744 563 647 535 879 6 432 809 408 107 756 800 868 238 796 935 872 328 83 911 140 101 17 110 720 733 319 10 257 477 396 735 409 167 392 693 437 95 31 285 475 616 904 861 691 758 422 754 21 565 894 430 
931 298 778 99 265 385 702 911 306 463 193 944 213 648 295 465 568 132 924 381 259 245 179 827 456 324 904 171 961 820 155 945 403 375 982 967 226 921 864 16 37 906 484 706 580 783 755 3 7 419 481 488 8 674 591 953 819 926 84 929 581 710 281 5 483 971 61 3 701 13 679 205 75 286 322 278 470 28 830 564 106 701 804 22 130 103 338 904 677 462 768 797 304 297 202 645 644 326 255 751 
409 85 601 464 659 379 806 476 932 288 462 348 994 251 430 961 498 412 973 520 309 658 733 335 410 862 804 694 437 48 3 546 839 473 743 414 37 561 926 835 245 985 412 962 342 939 471 999 143 929 632 976 235 540 795 357 876 902 24 467 190 273 251 516 565 33 568 858 305 576 484 684 849 921 328 351 670 471 239 624 258 734 106 393 824 498 970 706 373 359 990 146 543 505 677 510 933 766 662 234 
336 696 782 374 649 950 514 402 507 382 13 349 497 52 773 66 219 526 777 476 501 395 877 788 217 81 466 704 143 190 727 622 545 329 325 50 172 538 321 644 460 575 115 245 678 393 663 859 876 911 241 92 253 617 751 392 707 703 538 761 625 506 588 743 429 947 352 575 178 204 527 780 449 484 599 337 313 183 625 118 332 540 354 929 620 152 562 830 822 836 548 370 205 131 421 493 794 855 145 910 
820 612 722 851 938 444 954 977 304 60 163 521 130 903 148 692 450 506 615 616 680 80 425 779 403 695 290 407 459 955 950 503 944 177 923 841 168 319 12 540 21 650 901 924 662 319 855 108 824 934 566 435 947 404 298 955 433 280 843 894 853 985 752 289 329 997 730 141 458 573 500 123 528 255 46 360 864 172 443 626 212 676 727 82 599 766 797 194 905 181 383 305 418 511 271 300 676 151 94 480 
977 806 188 917 511 933 231 197 449 214 151 253 321 652 225 827 154 568 826 281 891 446 567 865 672 167 731 290 619 167 393 833 364 610 346 67 124 651 368 746 208 261 956 790 708 230 614 742 446 737 491 24 621 498 403 669 914 719 628 32 485 789 49 209 643 17 447 812 214 361 329 959 246 730 802 293 167 530 28 844 387 32 166 22 25 51 787 758 285 1 889 865 995 746 143 863 310 51 235 113 
22 999 34 430 442 867 905 305 185 352 956 93 895 815 965 132 190 496 967 812 707 140 715 611 99 908 643 156 478 409 189 954 251 413 59 157 524 985 217 699 106 481 774 248 740 45 966 233 901 673 78 382 412 168 810 886 375 436 565 87 570 777 295 878 765 203 331 12 996 764 657 602 275 379 745 318 697 978 290 766 100 406 610 196 406 644 846 99 631 402 116 65 250 516 503 686 588 417 899 580 
139 949 418 399 427 263 951 878 391 6 256 123 430 735 169 623 315 266 767 610 833 863 321 906 567 283 502 433 977 551 931 12 848 882 428 265 763 262 894 449 221 585 690 791 224 381 716 903 2 257 484 642 343 321 860 65 40 564 20 968 811 317 715 405 27 741 351 401 873 254 663 191 899 235 150 746 212 46 98 988 948 746 646 372 753 266 229 175 341 449 985 162 203 180 891 263 429 532 819 495 
47 569 466 903 217 612 237 221 585 883 517 165 871 387 173 303 813 96 348 203 847 857 828 144 655 746 986 961 45 97 503 330 733 981 862 793 744 132 215 776 927 29 827 666 109 437 953 660 205 965 721 62 549 539 719 602 601 376 881 284 251 875 44 874 377 484 69 478 359 883 388 690 287 66 701 60 6 520 610 994 537 240 739 71 751 81 328 943 937 647 576 655 895 138 819 960 749 53 885 678 
718 714 563 36 640 260 699 395 985 556 39 346 111 969 611 655 998 666 832 903 717 45 191 675 210 222 706 604 384 344 999 824 862 375 750 677 354 393 733 286 14 834 874 780 393 951 737 182 985 310 607 940 159 348 198 816 667 830 89 918 979 997 219 685 302 915 227 966 262 163 139 829 373 936 713 151 774 132 333 891 112 93 300 603 943 475 725 189 355 500 786 268 621 99 169 973 631 447 243 47 
891 248 300 690 655 816 661 571 343 743 503 431 395 463 297 631 907 329 715 82 833 64 955 745 630 956 432 39 287 986 86 623 393 546 489 243 227 24 558 178 347 928 702 89 395 700 252 85 821 32 537 424 813 256 885 299 718 320 105 107 184 75 243 583 153 400 866 736 537 642 515 897 498 47 507 330 983 148 486 824 380 919 375 551 479 573 208 66 294 925 245 346 617 628 940 678 713 602 943 290 
577 885 846 915 900 444 150 953 808 983 663 422 745 774 301 902 864 647 220 280 925 956 954 28 659 852 671 149 780 928 352 737 652 569 901 206 354 912 143 239 828 750 342 15 467 597 274 862 543 710 25 658 412 813 760 832 389 90 669 723 287 370 844 244 378 269 465 234 355 689 726 36 853 823 661 997 258 604 72 454 405 755 390 179 409 344 241 847 271 984 902 225 28 600 757 923 377 467 362 24 
791 1000 650 671 931 643 418 781 830 691 125 343 880 444 660 144 806 614 931 336 546 541 306 198 26 42 617 991 659 474 151 856 247 518 861 808 956 483 222 577 288 274 986 601 714 739 379 812 419 901 647 900 460 601 88 211 233 800 233 376 703 898 130 801 2 361 653 520 370 213 881 849 127 913 327 939 963 430 59 533 454 471 861 850 880 532 729 624 530 195 604 574 606 715 561 652 264 635 139 823 
925 75 475 853 76 689 635 941 457 143 20 379 585 730 165 603 211 142 374 820 188 993 780 792 6 965 749 296 634 890 390 300 147 68 51 564 21 360 824 673 110 868 13 983 412 376 503 215 871 464 205 976 480 483 231 878 553 57 430 342 943 896 992 16 646 863 163 822 548 903 388 996 377 663 296 233 461 16 706 453 891 200 910 219 764 330 782 785 511 461 148 957 647 404 487 371 342 894 329 652 
401 743 480 721 795 647 395 272 654 241 960 422 79 119 915 542 170 716 377 409 151 250 646 798 203 309 468 476 929 960 878 638 250 286 68 830 907 76 807 37 910 93 567 401 788 286 74 888 450 275 776 53 593 793 173 313 922 797 183 11 953 229 801 923 465 158 544 179 337 502 763 255 6 827 952 543 449 899 588 530 50 853 931 357 965 824 714 741 348 963 1000 369 197 397 132 372 574 894 347 729 
790 77 769 143 949 147 890 711 270 223 321 460 116 980 377 907 244 449 754 811 186 887 871 582 62 528 869 872 567 549 110 920 976 785 295 708 675 509 47 338 308 355 641 229 951 167 3 461 181 530 752 274 66 97 403 553 722 286 518 640 62 861 513 295 457 442 550 751 745 513 205 800 858 990 956 414 788 910 353 347 608 837 203 211 550 569 790 363 668 631 85 843 906 781 660 806 801 232 246 792 
717 279 733 880 600 887 105 846 786 617 555 374 366 433 34 653 894 799 878 963 929 123 546 978 876 477 239 279 655 635 599 678 545 375 655 234 687 408 201 150 569 216 857 685 141 213 982 961 513 660 563 714 619 691 383 797 371 797 58 711 747 964 561 514 109 817 347 160 886 280 93 437 386 11 626 370 168 211 447 982 751 310 703 384 857 557 579 307 23 877 812 281 813 665 283 891 984 70 305 895 
741 991 898 148 715 362 120 386 988 754 637 357 648 54 433 148 379 546 317 77 392 461 782 731 670 715 494 498 674 348 608 786 876 933 171 442 198 773 945 103 923 234 960 982 941 717 80 54 930 83 590 162 431 581 136 53 677 227 586 974 611 549 761 351 924 562 503 40 867 500 62 297 140 947 863 312 989 801 789 560 565 886 822 411 323 718 930 40 506 607 223 520 620 783 852 214 132 398 453 150 
753 711 318 848 48 949 996 524 384 28 824 527 420 813 709 927 644 262 36 196 910 865 573 360 524 380 89 480 757 97 86 75 512 95 683 346 205 200 741 121 111 332 105 462 408 15 682 375 899 894 749 664 880 608 539 973 771 114 800 821 366 843 202 536 264 18 475 258 110 188 523 328 617 99 367 506 752 11 678 138 287 207 182 229 792 507 995 863 273 747 664 84 607 188 873 116 290 297 367 918 
176 538 965 696 510 160 4 214 988 387 602 697 937 239 336 314 495 604 83 864 103 486 18 294 136 285 602 888 797 733 455 839 293 400 197 266 95 866 526 544 964 326 860 716 671 784 96 752 451 466 684 989 493 754 551 346 226 812 935 947 689 340 651 172 428 831 849 870 67 483 262 328 73 76 596 722 939 80 937 15 671 565 414 585 905 657 764 777 156 123 382 646 31 816 987 477 629 416 754 827 
586 490 964 344 482 485 228 196 188 49 450 750 704 901 392 18 197 818 356 530 518 328 728 897 582 840 382 724 953 873 320 18 740 583 967 701 976 1 370 409 491 362 882 477 880 610 939 144 920 773 606 958 217 909 725 867 30 308 877 983 303 452 851 346 778 674 497 457 346 368 912 194 383 138 298 357 910 356 184 916 787 42 145 820 236 944 860 748 991 795 864 38 127 536 458 972 643 123 896 76 
696 234 708 871 560 179 186 726 978 475 685 470 204 593 262 214 799 811 127 758 242 631 855 242 650 340 223 79 208 506 93 126 442 239 886 783 647 572 314 559 349 528 810 501 510 611 61 481 747 253 20 366 22 823 714 426 174 378 960 644 39 384 904 581 81 464 312 298 731 781 177 473 134 513 825 33 966 726 70 767 695 845 4 607 732 363 960 760 318 761 758 130 330 763 264 364 348 979 48 345 
524 22 785 723 454 959 336 508 766 91 400 696 339 997 279 999 699 923 699 353 239 737 137 562 505 564 231 497 363 761 200 572 738 959 104 742 971 995 153 228 797 467 517 228 383 180 852 622 179 927 153 959 643 82 192 220 147 996 979 413 719 83 606 418 174 241 383 834 967 579 282 985 339 436 771 497 380 2 629 277 124 712 203 434 545 172 453 175 536 177 269 951 623 815 843 116 167 962 62 478 
194 505 307 596 137 959 403 282 657 599 320 92 647 132 776 578 274 751 182 220 112 213 285 824 827 431 686 153 141 667 396 258 786 163 478 900 94 981 237 301 623 243 374 450 555 956 994 597 469 323 684 10 12 422 259 919 628 466 489 810 985 116 299 472 889 779 82 762 578 429 984 74 228 503 207 224 816 169 23 806 546 832 231 618 762 38 614 533 865 519 34 87 50 286 497 749 959 176 374 70 
582 910 710 139 971 81 739 613 863 737 457 691 1 215 63 747 893 43 824 65 458 864 610 847 313 135 143 668 762 706 883 735 561 18 597 61 657 442 394 74 287 846 469 381 875 542 691 518 786 407 783 860 104 996 9 138 212 537 741 907 380 624 105 694 667 560 182 427 408 723 795 318 72 590 358 411 519 950 133 915 291 9 204 134 578 83 991 338 349 346 611 858 668 252 272 906 676 256 425 850 
655 818 375 82 203 819 307 725 829 712 603 409 719 713 223 278 968 357 356 308 19 404 264 250 563 973 119 356 365 114 102 197 838 529 766 894 55 363 83 373 14 90 590 961 471 831 791 20 370 346 567 243 679 998 797 987 543 771 888 52 133 286 340 666 782 182 336 537 164 432 111 345 825 790 86 626 482 659 750 570 497 714 665 284 248 328 659 612 403 998 785 25 77 908 461 633 782 707 725 355 
531 289 400 273 94 274 514 181 776 941 58 469 300 189 890 138 806 881 183 845 244 535 523 563 988 332 63 347 982 398 540 413 83 110 843 662 430 376 875 425 377 869 796 440 348 331 450 67 826 827 60 512 948 628 317 515 586 126 171 1000 838 617 126 335 676 519 691 423 752 759 602 719 934 619 628 609 215 301 361 287 546 13 865 610 474 126 353 449 983 74 161 655 351 555 867 1 790 892 78 414 
60 919 629 679 326 48 410 976 327 89 70 576 529 39 525 550 94 174 317 260 756 873 528 481 297 236 811 81 442 285 726 824 130 184 396 408 58 530 277 718 348 520 67 499 868 954 89 610 89 282 635 333 408 737 122 893 66 284 582 738 735 738 9 23 283 250 81 338 632 586 790 115 324 251 270 346 517 252 725 710 586 795 1 612 371 563 677 108 524 387 3 690 238 971 888 787 686 341 363 390 
642 489 862 158 313 768 408 733 891 414 953 483 25 890 312 759 238 232 514 822 686 369 868 682 446 689 210 764 284 817 889 276 216 189 754 176 915 929 408 532 566 368 181 897 855 574 967 769 64 302 377 298 40 814 7 713 551 42 945 8 332 102 812 963 800 392 621 440 808 885 472 870 815 491 936 327 371 918 640 352 297 551 825 512 691 210 453 39 137 167 643 522 862 220 20 980 612 481 966 95 
986 387 230 899 837 909 99 558 413 132 201 549 850 506 308 81 982 109 277 478 253 649 514 872 522 491 672 575 259 287 180 692 217 21 891 100 760 895 903 781 366 487 563 887 562 839 392 725 874 128 521 99 874 750 883 571 201 140 898 555 278 164 240 192 347 738 95 137 873 778 1 829 157 319 302 919 897 509 998 875 101 249 191 1 368 256 897 538 634 917 792 984 132 607 778 195 2 786 754 769 
159 493 100 941 562 332 338 988 320 622 934 300 945 754 569 70 336 629 123 565 101 175 491 719 981 864 778 940 653 245 748 245 298 495 559 462 133 294 486 695 685 265 592 711 766 57 669 682 1000 15 944 622 427 635 99 640 146 631 576 308 781 331 460 836 131 458 857 448 967 805 140 431 315 510 19 693 234 872 243 238 587 77 937 779 747 544 688 114 409 52 627 122 944 556 547 375 193 965 827 58 
471 601 122 845 383 109 616 6 263 277 549 466 174 159 959 820 509 285 138 838 181 23 276 543 248 264 97 181 412 888 421 629 366 178 761 609 603 30 136 281 917 418 809 813 307 821 519 866 706 308 760 459 99 584 219 442 877 399 470 831 181 243 711 368 450 168 657 186 6 225 217 559 730 270 289 520 993 303 788 212 873 892 139 722 965 63 40 796 790 738 298 229 50 262 888 660 765 267 609 529 
392 327 619 287 320 641 451 850 97 133 980 332 394 917 827 859 738 701 139 220 27 655 412 766 38 697 498 992 967 540 691 149 186 182 456 786 150 474 496 92 714 215 969 31 893 94 648 125 610 952 571 43 636 592 150 859 318 676 739 333 719 345 709 583 507 391 190 551 157 475 895 790 100 205 977 831 611 969 162 800 630 257 282 929 514 819 350 947 460 847 396 451 301 644 208 854 940 699 942 951 
660 251 858 279 207 743 885 588 563 685 128 957 77 969 30 949 868 746 821 263 263 74 605 825 465 763 236 779 923 368 185 297 987 706 559 687 916 613 620 638 310 682 347 156 927 958 232 352 914 307 642 294 687 133 157 343 347 560 576 966 666 576 740 238 546 577 447 864 498 120 536 115 259 769 124 748 13 10 655 257 717 40 95 553 389 553 198 231 324 258 982 278 464 249 322 134 522 966 706 215 
457 14 335 406 290 352 192 878 934 428 421 193 116 79 266 575 416 308 222 654 388 912 476 835 614 533 993 680 410 42 256 943 690 496 75 693 435 904 330 178 146 659 304 96 799 394 676 689 280 824 382 423 769 180 587 86 571 715 939 285 555 573 984 965 556 751 465 640 735 729 49 839 570 137 666 541 694 552 117 711 654 507 646 752 317 549 43 663 951 371 230 692 539 624 588 532 807 873 268 17 
5 964 828 309 821 45 984 744 578 649 349 16 905 983 870 497 887 803 612 830 835 989 523 590 796 161 426 378 892 712 435 765 677 111 420 293 139 711 397 562 770 685 172 469 561 554 565 155 416 862 493 33 694 809 593 306 302 682 667 495 954 331 501 703 960 972 313 287 532 983 88 795 671 724 817 493 615 742 292 861 383 710 696 283 696 983 874 809 575 281 911 972 529 242 355 284 837 945 195 578 
329 621 664 346 920 894 789 1 682 50 804 697 580 163 427 610 705 415 380 707 449 656 565 849 386 404 774 911 140 568 329 175 625 369 319 296 541 691 96 465 378 430 130 76 343 637 631 838 746 689 248 15 835 334 471 725 916 995 651 854 478 600 645 181 677 955 899 596 798 676 714 612 176 50 497 129 89 380 292 513 538 373 966 157 886 674 507 457 743 942 5 25 306 8 341 653 131 19 836 607 
804 239 123 658 778 294 480 85 241 705 593 272 194 251 446 431 137 870 754 924 115 317 666 745 320 522 122 207 102 954 684 97 446 141 306 916 51 458 238 587 71 58 224 942 56 787 416 74 364 945 564 799 745 944 660 742 64 469 660 482 859 830 882 241 924 439 216 418 552 126 820 913 396 417 607 440 862 430 491 433 192 523 257 778 40 95 593 847 395 777 130 910 140 472 453 87 519 555 309 987 
235 794 162 287 343 124 439 945 44 74 872 258 20 828 192 44 569 27 426 373 176 206 982 877 72 617 310 324 286 979 545 472 283 174 784 270 48 357 848 655 960 601 415 477 560 612 162 341 290 674 6 199 888 580 326 860 247 751 485 352 825 797 84 208 504 963 326 598 264 890 770 258 900 569 96 123 604 763 232 902 165 957 535 918 250 91 619 598 882 44 130 139 585 931 894 628 939 767 315 182 
518 797 340 3 312 292 475 404 953 1 967 287 546 477 99 690 598 764 213 80 192 878 748 595 21 132 142 116 19 483 632 271 882 517 199 930 106 993 999 935 254 879 138 775 944 584 372 922 44 685 268 93 17 623 733 275 669 983 733 383 640 384 46 592 509 553 723 798 124 879 237 972 931 11 320 439 103 544 447 358 477 775 143 675 661 94 291 137 378 670 75 629 323 260 906 442 326 547 328 928 
597 376 878 645 721 382 752 375 391 907 239 384 400 91 240 890 589 555 823 781 539 440 312 80 819 585 455 292 109 666 326 663 222 123 191 256 439 41 483 238 408 835 779 325 325 215 389 595 960 254 545 680 856 909 859 749 808 814 284 559 410 678 373 836 854 208 107 749 909 634 529 868 379 542 986 616 77 101 231 670 95 119 560 250 809 757 102 679 595 850 640 995 558 951 788 606 813 935 905 245 
804 643 874 738 528 390 133 862 559 531 837 250 241 830 326 546 959 496 391 396 251 815 588 527 496 453 700 854 43 288 984 199 571 842 542 736 933 258 381 82 451 355 321 728 110 747 185 729 409 238 887 756 704 276 80 724 409 681 901 252 721 539 865 780 970 681 756 613 908 402 239 394 746 788 993 823 574 446 66 670 112 928 646 104 578 785 956 561 864 33 759 31 182 336 420 260 842 367 13 610 
156 902 574 862 515 877 439 976 666 951 553 578 490 340 836 576 194 574 407 655 901 206 73 912 923 80 409 854 266 476 777 222 614 678 905 423 70 968 977 955 113 38 581 605 353 83 752 27 799 859 211 797 176 728 685 870 135 153 175 115 706 415 16 970 73 474 567 189 108 540 663 479 340 932 440 310 517 598 499 177 570 72 334 116 122 496 97 442 474 852 488 538 635 194 202 701 557 410 89 375 
331 137 291 364 929 767 536 590 108 459 917 700 610 325 25 452 714 468 158 651 452 690 162 28 835 348 6 216 18 590 511 374 526 903 923 148 394 201 934 52 568 236 582 825 183 250 956 516 8 206 380 850 582 697 206 593 404 86 910 643 337 871 601 985 714 510 825 924 175 336 514 408 649 935 38 275 249 856 918 428 605 565 315 111 767 283 676 184 214 142 592 829 785 19 174 881 841 70 531 279 
174 958 812 316 645 326 869 328 233 669 289 182 416 768 714 297 839 142 515 857 752 85 469 719 866 787 167 910 786 919 82 354 921 833 947 766 166 776 90 288 414 434 331 943 897 409 602 64 326 884 325 613 746 619 461 440 245 608 173 559 813 66 717 784 408 715 929 230 363 20 526 180 304 576 661 522 48 607 740 558 685 332 288 556 4 976 223 985 977 432 366 956 195 813 950 527 553 267 884 749 
933 92 201 124 112 501 783 364 718 82 389 712 300 294 941 965 415 525 684 65 118 357 274 103 51 297 259 727 974 905 293 307 419 159 875 959 901 299 321 96 762 153 16 489 713 25 708 529 642 160 973 649 117 997 619 477 277 23 165 162 910 493 756 527 373 917 579 86 503 809 714 444 349 742 124 639 934 231 133 40 125 683 256 33 813 650 631 361 314 789 620 21 834 575 760 673 428 430 83 392 
607 550 363 80 494 65 952 634 130 599 879 1 689 188 365 768 814 59 504 512 449 765 616 362 145 215 147 419 526 594 121 558 132 28 181 782 453 704 941 275 398 265 964 20 629 837 478 895 817 720 244 797 978 182 113 729 635 389 107 842 621 137 702 55 622 426 269 35 98 308 571 618 992 582 522 346 857 693 666 13 284 41 747 486 278 103 574 154 560 57 721 897 49 156 570 612 389 912 318 898 
542 125 290 974 171 348 578 171 62 347 808 747 770 182 263 723 268 730 432 227 337 627 421 942 617 505 668 445 66 870 903 136 280 235 50 215 276 348 972 790 243 225 521 976 824 751 159 133 180 22 159 103 77 491 295 745 981 945 750 97 820 132 951 624 281 551 538 935 421 46 735 908 944 886 621 837 160 804 690 372 559 843 659 116 52 722 246 483 109 69 766 137 908 746 743 176 127 351 179 52 
805 659 949 404 21 954 195 561 649 613 697 111 723 585 108 699 231 374 299 204 514 763 941 852 817 208 983 480 412 445 133 974 396 313 116 31 875 349 69 565 860 434 676 823 843 776 953 771 277 721 903 595 483 517 699 91 731 767 655 865 344 7 600 902 787 890 789 180 753 895 337 593 287 203 939 459 92 240 75 812 478 945 551 289 152 185 736 725 690 813 703 67 369 583 444 59 265 716 480 188 
912 944 528 644 124 73 453 540 496 169 394 24 355 520 166 789 434 689 251 419 503 491 118 229 785 707 104 158 46 569 212 727 919 216 210 511 723 178 75 298 86 587 566 933 587 292 251 240 88 12 646 556 833 930 549 136 431 125 454 7 275 207 739 180 654 264 687 473 594 103 710 604 742 814 447 787 550 167 661 193 346 505 591 82 576 168 229 211 924 572 868 597 791 840 323 268 309 702 231 139 
