100 367736992
985 406 11 966 354 188 27 645 277 7 940 244 538 178 182 464 466 729 948 665 165 93 436 909 475 513 973 689 671 165 944 757 273 209 778 71 402 445 185 211 862 943 780 634 445 644 672 537 546 122 808 988 304 685 693 866 665 377 31 425 2 200 50 253 267 683 300 214 339 878 222 752 892 960 274 304 258 856 996 123 969 454 484 880 992 953 890 561 569 229 114 269 619 552 139 834 449 972 803 842 
172 727 613 507 766 441 997 948 385 854 995 501 784 6 327 942 459 465 588 506 769 438 847 381 769 437 218 667 202 956 532 403 820 583 236 261 790 972 86 424 378 798 76 31 637 256 481 164 851 372 450 294 219 108 574 311 150 961 400 305 438 554 298 970 957 160 843 877 331 943 396 515 309 735 592 850 778 724 883 237 831 179 621 60 701 79 198 77 905 346 276 3 437 119 394 78 702 824 900 531 
54 411 576 470 698 531 303 405 982 668 189 6 743 814 580 484 833 462 648 390 931 402 239 633 544 275 375 423 855 760 204 943 757 240 66 927 513 472 72 992 928 78 150 785 379 21 984 326 294 571 571 587 34 591 160 147 469 382 119 398 736 40 966 610 73 726 329 224 938 199 476 915 594 452 471 45 515 200 361 123 900 988 480 2 7 730 784 970 221 304 994 553 577 623 335 643 698 973 318 625 
605 936 658 791 555 716 951 187 375 334 182 491 762 34 71 829 858 754 726 141 408 640 394 139 594 287 570 163 161 284 544 321 899 330 243 548 683 143 343 538 399 529 256 588 826 765 135 260 811 953 779 244 7 960 500 329 451 230 565 832 124 700 776 200 114 847 958 424 522 900 958 354 11 543 102 120 403 972 184 109 3 501 375 408 56 102 987 229 796 469 928 932 13 301 805 542 531 837 172 205 
608 965 901 587 315 953 345 102 637 953 292 658 856 695 353 72 893 411 852 102 957 676 836 215 386 831 216 92 415 773 196 218 149 280 764 350 863 222 16 631 968 506 784 579 940 415 962 988 988 662 818 676 246 874 409 583 637 610 313 521 940 247 679 872 345 758 162 450 728 704 324 809 204 168 247 542 573 197 553 453 647 441 163 72 424 209 174 646 988 157 495 661 268 202 445 117 68 119 272 623 
356 101 348 822 754 675 822 309 525 928 655 306 237 298 655 641 465 943 764 627 729 730 650 273 542 704 261 451 718 979 757 534 252 470 809 934 320 571 144 408 779 82 971 467 726 754 623 591 563 693 522 63 283 319 156 579 817 703 232 682 832 297 74 6 297 987 603 648 743 831 171 221 999 321 542 633 681 601 419 899 356 195 129 497 602 957 250 198 903 504 869 697 240 467 934 559 889 716 497 84 
624 473 815 366 600 358 120 346 968 135 114 396 470 72 672 553 774 876 591 439 823 763 861 392 607 383 842 642 110 73 668 906 233 479 317 850 448 561 560 161 818 852 109 378 975 70 952 936 183 43 697 544 513 24 535 743 198 678 558 166 23 361 467 787 140 338 405 146 854 881 895 707 527 519 827 70 625 747 337 356 813 467 808 448 661 950 92 271 643 488 865 131 372 701 583 14 975 273 366 117 
114 696 28 162 759 641 413 855 923 856 370 608 248 589 957 480 403 327 908 342 872 684 876 842 884 637 183 651 740 478 977 859 204 428 808 245 243 458 106 581 589 429 540 25 136 655 432 431 859 521 998 567 644 644 886 922 505 65 4 539 266 183 805 92 853 158 650 292 537 714 99 489 23 458 902 25 725 577 848 253 61 789 786 399 87 942 520 227 858 233 726 900 216 590 443 1 699 86 219 112 
802 889 912 281 841 983 457 799 864 77 5 594 26 274 570 72 624 731 657 773 551 740 436 433 88 865 507 929 135 764 747 360 30 430 320 56 643 699 612 851 927 73 569 263 520 706 587 897 49 59 738 809 176 612 327 911 209 216 868 916 233 863 409 237 278 595 124 139 709 887 416 998 963 527 154 531 456 699 416 731 985 782 154 438 469 687 766 960 507 821 191 931 818 944 253 21 968 302 379 716 
71 483 789 367 781 829 704 294 267 223 342 741 888 723 394 229 455 926 298 443 974 590 395 869 624 383 736 2 590 511 166 738 673 239 826 862 323 179 884 913 527 364 760 871 278 212 434 444 68 712 802 73 970 173 960 786 141 748 722 84 230 152 892 13 212 331 263 700 831 443 453 443 334 866 468 681 43 775 505 741 461 711 103 104 919 488 88 435 767 655 482 641 810 424 918 814 830 286 245 944 
680 60 356 100 230 523 675 204 136 749 168 472 3 777 664 571 77 192 305 263 192 376 393 435 81 262 163 340 352 217 556 898 5 133 401 29 209 550 996 87 875 669 702 451 44 583 590 119 301 140 859 878 479 302 7 233 395 803 572 951 123 124 620 715 616 575 579 533 478 746 687 523 877 577 180 120 618 457 393 406 277 230 327 49 212 642 51 884 167 223 113 472 629 127 267 89 616 498 979 148 
461 800 110 246 127 247 697 383 971 311 456 399 526 92 772 543 422 796 589 11 647 666 241 886 880 234 740 31 405 518 176 802 262 752 102 306 903 960 142 302 569 945 876 610 401 327 516 216 823 980 398 86 450 780 741 337 331 36 149 322 55 754 539 352 504 761 74 295 854 964 659 639 90 278 548 400 852 39 972 156 110 530 590 357 24 180 884 434 349 479 782 828 398 296 692 349 725 109 912 347 
229 779 647 82 664 583 617 136 665 836 742 148 731 437 756 849 345 291 967 712 592 929 801 724 402 502 282 506 445 962 72 216 571 893 298 245 402 252 330 498 687 62 522 367 510 510 289 201 62 433 78 99 859 339 539 963 331 701 749 998 398 73 723 126 23 65 598 674 864 797 808 15 133 28 728 918 792 213 60 830 349 502 328 987 702 781 974 575 818 492 22 161 233 82 137 147 99 256 784 72 
290 618 115 454 285 87 335 368 367 594 814 695 983 594 317 465 121 678 722 138 557 909 589 723 118 213 761 665 838 699 587 608 440 698 186 199 22 23 343 445 244 589 399 300 572 540 974 476 564 112 39 540 613 790 961 413 669 114 916 607 416 127 61 609 754 143 134 874 288 428 473 805 879 21 142 765 325 445 179 733 463 977 124 211 579 177 907 350 951 248 865 214 305 479 286 99 352 711 174 720 
163 94 541 33 177 532 475 219 280 381 675 571 698 826 745 129 949 380 451 582 474 736 977 501 113 730 295 494 874 979 467 752 487 548 850 640 560 184 704 565 543 924 159 22 365 331 151 118 749 680 175 86 504 282 28 564 976 287 752 443 641 410 276 299 4 591 961 834 598 90 74 323 352 386 350 46 9 747 694 8 137 628 154 765 215 710 201 43 166 367 736 217 187 358 810 464 522 759 761 984 
609 321 708 790 709 583 65 532 156 220 133 713 571 210 786 987 537 500 88 659 19 154 424 88 265 757 148 199 145 556 91 921 595 463 900 572 285 66 536 63 784 12 637 689 106 984 192 745 77 715 154 907 935 32 479 417 308 432 779 1000 881 990 118 101 307 290 586 56 512 356 626 383 315 508 245 934 630 175 283 30 194 773 271 827 451 192 358 331 498 327 63 372 35 340 267 445 408 931 807 471 
957 245 383 165 391 444 174 298 630 815 996 690 394 512 718 76 629 796 540 350 469 738 303 202 741 88 218 567 316 866 546 595 254 29 185 776 402 443 279 404 196 368 522 38 236 821 184 781 671 970 530 155 299 313 676 386 505 216 978 478 126 695 197 979 634 203 661 512 654 715 57 421 175 337 382 313 888 243 229 686 607 115 552 121 54 123 229 365 125 213 507 879 686 906 253 488 393 305 470 62 
666 354 180 60 855 428 47 451 38 212 52 80 999 599 693 320 477 57 491 658 3 303 327 172 988 570 156 833 196 301 290 113 941 577 655 649 516 383 318 548 590 206 565 26 309 61 761 753 296 123 789 561 137 445 747 916 312 416 218 502 1 200 825 977 433 488 739 756 343 915 483 629 128 666 481 900 67 111 822 810 687 985 164 987 361 105 338 832 850 988 391 991 369 514 36 894 541 7 719 30 
582 472 621 413 220 312 760 695 632 859 33 350 810 123 528 319 338 481 154 638 779 254 802 949 228 187 443 337 417 710 132 430 314 237 837 12 883 288 697 106 427 154 973 154 273 440 968 557 796 510 811 144 953 766 451 495 803 202 821 401 357 756 849 228 684 900 258 771 115 322 997 213 14 580 616 936 364 890 445 477 599 632 718 158 213 428 515 829 684 280 202 879 945 730 687 705 202 419 269 425 
829 29 539 873 480 992 586 567 891 615 558 936 139 22 771 647 616 567 42 464 760 109 412 258 909 264 798 988 981 187 813 407 690 146 308 716 49 448 140 384 574 808 852 797 944 362 657 739 432 560 487 991 288 417 296 186 498 414 813 517 662 868 787 75 576 993 999 761 9 42 718 345 117 84 206 541 838 530 321 258 615 207 483 242 587 364 729 7 870 820 932 741 20 397 951 719 49 546 109 725 
480 303 855 180 673 645 213 655 13 447 498 956 99 660 997 898 112 149 69 994 402 9 68 955 662 144 784 555 651 133 150 714 415 799 807 937 376 809 800 939 493 769 181 282 270 654 710 718 81 942 772 578 223 94 237 231 494 283 790 957 376 201 201 607 132 66 624 198 275 785 608 273 598 120 153 76 495 814 173 934 845 413 15 887 139 843 630 490 555 655 266 535 431 319 751 596 16 912 144 405 
707 365 381 314 785 395 223 640 821 421 811 931 820 971 998 746 176 376 80 891 949 908 764 288 8 639 463 882 516 112 463 462 150 997 270 797 804 691 687 440 50 569 760 563 557 760 944 602 36 933 59 442 612 426 628 377 210 737 642 48 678 411 702 199 838 945 68 466 544 145 168 635 893 474 723 305 602 427 638 903 945 105 446 463 312 792 688 961 127 5 463 686 920 361 4 842 914 896 510 682 
190 91 10 546 46 242 884 634 170 358 351 722 806 606 529 51 649 864 875 288 830 723 279 933 720 946 771 846 42 123 669 580 757 137 887 420 421 863 765 112 774 671 380 594 738 802 469 381 359 1000 299 606 71 826 850 772 624 422 728 828 797 18 792 72 628 397 188 737 914 379 59 378 524 759 812 447 543 110 602 638 706 761 168 324 818 531 807 427 542 780 557 331 509 861 304 687 485 413 100 833 
565 20 873 312 365 214 992 209 540 138 135 388 554 515 644 9 24 246 422 507 684 749 498 59 185 748 733 728 375 538 365 509 167 835 181 643 305 899 288 665 729 541 685 673 599 293 748 694 319 963 145 627 161 561 582 181 49 966 14 507 177 324 447 260 262 759 367 642 489 416 627 62 790 169 44 149 906 937 459 569 320 561 829 179 845 184 98 791 309 853 491 720 605 595 603 743 771 850 992 662 
587 331 658 809 155 148 107 479 601 485 774 756 92 274 205 939 512 322 590 612 853 399 686 72 434 143 881 772 135 514 720 293 640 253 820 777 473 799 714 175 878 482 24 535 145 684 639 924 698 414 625 129 786 717 452 578 576 495 816 397 472 48 622 281 289 222 346 998 838 26 42 293 295 744 255 416 513 264 907 461 611 942 99 920 962 502 592 335 703 221 505 290 656 100 715 74 469 86 723 664 
27 852 747 897 246 519 75 305 602 606 730 727 219 48 94 328 382 340 776 678 160 87 299 585 469 438 350 734 483 892 232 200 336 655 52 668 954 862 581 802 342 421 396 905 626 685 551 321 567 701 620 559 585 598 575 348 449 949 56 871 469 426 640 885 974 465 126 62 706 262 429 665 107 775 904 491 1000 772 369 28 715 874 845 242 915 297 732 802 42 643 536 636 626 742 509 231 363 899 544 845 
160 247 530 584 491 850 127 293 342 967 769 576 244 571 579 232 990 394 195 868 218 110 831 726 754 865 188 679 681 693 987 331 35 313 53 710 765 183 576 200 250 428 466 485 16 88 589 880 947 671 412 161 856 135 693 684 252 91 287 596 782 470 78 143 651 692 957 356 185 734 940 875 926 53 194 436 649 841 588 850 288 113 854 921 588 550 977 830 354 915 670 510 972 208 314 986 928 120 995 761 
991 511 546 526 96 472 481 804 669 597 623 119 815 440 18 389 958 306 716 260 587 107 760 878 538 1 831 803 314 604 174 325 335 177 595 442 394 589 880 661 358 549 919 902 926 876 655 427 262 781 813 687 384 169 238 619 216 66 708 154 161 817 991 681 121 518 463 454 978 742 199 7 675 937 875 799 623 148 310 598 12 165 581 830 935 110 808 45 725 971 130 375 885 7 38 315 701 668 165 706 
914 841 269 235 796 425 996 651 737 954 318 155 632 539 275 490 337 138 429 932 699 172 688 883 198 622 858 485 875 884 357 119 25 464 715 201 881 493 194 913 163 492 504 284 66 567 952 10 982 268 621 449 57 477 383 101 949 845 556 535 659 773 872 459 271 457 416 687 770 276 556 49 167 467 715 560 171 337 683 278 95 182 393 227 327 813 854 301 48 366 27 576 54 601 414 41 443 173 45 407 
287 32 42 603 76 783 360 791 785 520 342 262 34 366 545 59 862 997 150 300 9 375 656 808 738 214 95 950 631 467 762 232 472 831 22 896 818 920 335 178 197 141 742 707 688 277 900 664 388 429 959 457 406 801 850 199 608 350 665 588 826 629 54 730 277 170 501 95 385 485 327 616 448 880 341 436 314 107 307 458 386 397 376 444 185 540 578 110 545 95 287 202 780 753 129 166 943 128 666 145 
369 431 281 929 488 1 771 817 463 552 637 17 16 309 601 478 816 992 528 292 107 657 759 281 150 136 988 195 852 675 35 765 962 910 932 870 487 656 999 530 590 275 251 614 423 156 83 854 445 828 715 729 608 366 57 927 118 578 423 938 373 897 608 59 421 42 41 118 364 117 706 32 449 982 605 448 733 355 302 412 975 689 875 334 271 669 263 23 5 151 481 673 859 699 490 603 600 987 623 281 
950 239 676 627 855 575 106 647 987 138 217 769 677 952 74 409 72 365 630 222 427 126 235 610 340 945 657 590 188 104 719 664 831 767 868 625 992 695 955 500 210 625 893 388 657 726 861 725 666 911 825 30 369 281 781 653 66 11 796 987 938 27 161 730 502 333 882 956 644 21 679 758 873 56 570 277 850 166 815 207 927 579 613 494 877 126 6 864 499 233 700 306 968 122 36 871 211 921 959 787 
122 435 758 333 199 790 895 452 792 855 302 481 478 529 709 206 601 446 518 5 89 994 568 140 232 494 225 175 422 99 747 135 645 551 466 66 326 541 852 546 83 880 178 330 87 576 231 839 251 761 22 531 427 567 9 624 512 751 631 659 279 858 301 559 722 795 633 955 141 907 906 734 691 370 396 3 42 585 867 72 909 22 942 755 161 880 502 206 890 468 647 498 142 7 550 395 698 253 811 3 
676 305 89 969 880 653 92 371 543 845 322 201 950 759 493 524 315 445 472 111 116 727 456 565 355 778 829 827 517 286 113 295 19 111 912 514 515 561 729 306 543 457 332 762 885 698 148 774 665 358 447 410 936 342 803 426 942 219 883 816 723 757 907 689 634 980 224 713 826 894 27 536 672 952 112 140 524 304 706 673 435 138 362 183 997 170 151 276 912 498 864 633 157 500 120 896 505 226 49 454 
342 723 500 22 315 441 751 263 274 313 688 550 833 659 329 127 11 731 757 72 487 438 795 630 793 385 632 93 296 511 817 402 424 625 914 883 768 387 976 369 375 661 870 428 747 375 102 176 754 352 669 96 340 449 108 936 137 717 421 382 887 156 67 68 566 608 293 167 312 911 924 476 899 555 891 724 49 167 534 349 602 563 190 163 592 57 645 222 595 304 948 798 374 529 277 972 26 256 222 619 
441 485 371 447 286 708 807 317 59 730 428 971 67 162 649 945 345 679 883 472 105 762 936 298 301 189 800 251 730 817 308 910 101 165 500 922 504 33 771 783 314 418 990 684 653 150 397 811 153 82 945 519 201 602 663 540 197 282 163 280 136 578 648 104 451 199 135 86 657 479 423 322 796 165 764 671 768 335 43 360 551 388 124 202 21 377 433 571 36 534 767 283 299 565 362 730 634 114 277 202 
914 201 194 367 474 28 775 660 653 189 522 280 986 603 591 673 300 912 39 903 244 330 651 28 107 768 897 11 708 632 30 79 273 622 541 741 765 719 383 692 842 759 491 259 660 624 152 397 302 461 65 209 227 942 568 828 48 452 422 795 480 287 673 603 103 133 944 964 299 534 123 350 240 758 398 146 220 163 559 380 195 552 886 856 843 689 69 538 441 848 664 930 438 504 895 904 69 399 369 253 
158 121 172 66 352 938 714 716 298 588 669 713 443 219 135 372 162 85 187 631 672 694 72 121 590 826 487 494 201 284 347 215 637 551 113 281 208 787 936 906 438 851 746 257 110 460 699 750 706 224 826 818 724 228 422 303 320 151 186 123 61 460 428 922 16 945 403 514 746 761 815 883 936 559 229 958 324 781 27 372 746 787 529 123 182 659 745 341 532 261 600 393 879 263 189 606 254 847 441 61 
197 588 664 671 536 673 431 535 813 420 54 553 698 646 481 650 460 699 329 490 578 525 512 680 417 68 693 196 297 385 732 67 624 963 282 62 430 274 304 20 673 121 277 834 498 953 41 48 39 796 23 470 258 735 579 438 34 988 333 779 768 575 956 451 461 855 262 937 562 23 974 294 296 134 680 617 994 52 210 276 999 670 163 929 356 499 864 901 922 639 220 140 43 784 432 677 435 200 219 175 
21 243 444 476 907 138 806 301 554 870 627 839 789 240 108 908 104 313 72 380 104 837 27 222 178 734 120 522 642 438 795 817 413 605 120 535 96 620 920 911 226 456 573 551 615 931 779 678 183 256 82 964 206 670 681 433 445 567 158 608 10 977 883 293 795 668 587 981 753 37 613 933 738 210 503 6 591 439 352 671 255 601 879 588 451 729 135 573 333 476 15 570 531 728 405 269 672 577 532 104 
900 581 734 18 570 188 747 644 123 892 489 480 434 668 390 964 591 576 133 139 544 308 646 349 797 645 841 569 994 364 819 808 859 948 386 275 651 30 806 447 989 994 417 160 46 665 416 116 283 273 674 322 999 801 105 435 1000 342 926 175 467 181 954 235 780 569 466 674 891 495 290 177 795 344 382 391 869 688 397 845 477 621 783 474 299 737 88 163 628 475 117 537 474 763 79 379 953 613 126 950 
115 232 751 673 447 120 657 622 662 648 948 798 726 924 275 108 794 93 468 877 73 438 734 262 382 272 514 775 193 753 77 463 132 473 612 88 216 696 769 388 632 650 326 168 646 453 687 967 750 661 989 234 488 358 48 655 473 682 452 504 684 394 519 270 500 874 474 117 974 953 271 457 437 78 658 921 222 754 418 419 949 121 570 737 391 98 659 411 546 626 725 957 674 683 677 354 157 371 809 232 
657 738 506 758 716 276 17 875 500 105 285 65 89 41 4 899 672 795 888 690 313 551 108 70 547 35 567 395 326 860 728 522 33 173 75 681 557 868 346 622 130 987 968 896 848 36 490 542 745 785 615 581 6 331 713 627 447 297 228 465 910 284 751 81 702 112 369 245 32 902 462 64 822 687 634 600 124 683 637 804 164 908 207 330 769 420 366 653 422 126 957 333 31 244 343 551 400 149 805 695 
357 777 893 651 426 695 708 26 492 838 692 132 7 275 129 652 194 164 992 251 816 146 74 231 256 692 304 188 855 377 519 905 804 246 270 910 549 2 405 253 512 549 544 519 260 200 28 880 393 489 698 374 805 181 690 13 369 700 841 487 235 863 742 746 789 717 865 146 702 335 734 449 728 912 257 268 970 33 649 352 158 980 690 212 701 631 173 769 370 459 339 792 237 942 195 714 713 414 128 974 
927 927 190 318 596 214 766 995 713 559 456 259 729 804 888 808 345 327 684 210 243 515 821 223 387 917 621 2 422 216 912 858 167 746 62 421 324 793 415 325 737 370 704 25 795 787 317 975 943 839 639 49 884 66 952 213 814 830 789 497 749 357 180 735 662 495 661 13 800 639 190 497 585 257 441 3 330 567 409 843 769 773 477 84 173 129 804 273 479 759 258 480 207 187 66 924 948 384 556 279 
896 329 480 527 868 750 740 936 920 209 3 387 229 938 431 653 974 608 320 691 940 216 77 693 290 179 882 753 233 355 875 633 933 630 320 743 559 647 393 800 435 825 580 55 493 645 220 180 832 294 621 68 591 755 854 42 712 157 509 862 253 89 233 582 445 824 916 18 235 717 519 196 429 719 259 911 863 712 125 552 505 333 466 547 887 895 452 127 863 64 75 204 344 770 39 859 417 149 580 767 
1000 232 495 187 668 778 337 332 477 689 682 121 970 219 24 584 651 123 991 474 889 270 275 810 675 318 956 666 818 894 569 254 94 968 721 765 370 476 213 702 534 865 218 863 420 337 102 484 5 504 152 541 845 653 749 952 12 389 441 290 62 771 243 520 590 668 388 851 502 707 1000 715 370 264 550 219 262 423 149 21 436 230 871 175 307 54 779 751 188 910 205 787 783 308 137 380 622 582 176 524 
176 952 378 685 81 182 285 788 583 101 20 590 264 837 108 225 994 129 515 638 404 242 521 838 59 689 428 35 695 692 790 560 24 579 506 395 667 115 55 634 225 346 212 124 641 524 77 162 916 422 53 589 154 785 381 585 956 217 699 387 74 487 262 199 126 539 881 478 192 830 286 677 707 487 397 337 551 300 557 154 456 828 826 893 536 443 104 567 217 245 943 494 229 190 575 538 242 674 942 877 
16 600 656 374 764 508 350 788 810 374 810 297 286 901 745 845 12 87 730 549 570 853 487 651 858 763 42 904 884 710 234 80 403 897 101 501 350 745 792 814 602 456 892 152 991 239 59 357 344 559 629 925 959 633 908 235 792 668 462 786 244 960 244 351 913 465 350 368 400 350 546 61 640 994 885 134 137 635 424 886 891 969 118 318 776 369 582 397 463 107 196 367 498 856 565 571 938 784 155 609 
762 435 613 491 2 710 890 660 741 697 671 895 845 702 384 977 861 428 364 905 598 246 324 759 270 718 732 859 471 69 291 623 36 927 400 840 137 754 270 304 267 920 737 464 998 806 561 381 38 300 446 768 295 61 253 466 633 217 386 183 334 42 558 971 270 339 956 690 22 320 174 36 700 921 501 681 206 137 577 402 579 823 198 73 713 962 647 225 409 146 343 288 953 157 782 835 960 375 432 635 
999 334 781 56 398 901 484 483 925 286 153 376 740 494 393 220 380 92 660 931 336 417 826 765 814 607 40 169 587 787 461 115 246 229 521 722 11 482 310 45 443 47 265 32 689 160 450 921 120 402 769 640 900 62 164 214 239 87 207 13 309 751 11 112 537 868 618 556 329 105 314 928 416 250 680 793 115 255 655 665 358 509 177 873 39 465 628 316 914 263 177 174 39 258 457 388 946 693 321 542 
434 865 168 699 260 928 655 779 384 865 240 251 116 837 177 541 367 130 131 526 593 605 870 316 370 725 352 783 912 574 134 822 780 444 257 470 295 384 237 271 313 199 310 560 251 777 20 20 254 448 457 916 91 482 695 103 108 384 351 679 707 656 584 470 113 408 69 433 137 428 267 476 703 281 609 246 683 923 744 78 747 932 797 30 128 70 156 288 279 355 823 542 434 51 760 717 320 678 267 325 
539 66 840 298 800 327 56 47 701 673 949 484 646 910 287 797 416 513 708 390 121 878 472 611 263 143 701 796 41 830 620 961 779 811 309 802 70 369 212 475 887 628 956 94 431 134 400 153 339 227 600 321 92 545 945 671 265 515 312 794 132 488 840 165 507 215 354 747 960 558 508 352 963 660 645 994 798 708 16 576 577 827 639 921 327 835 994 121 504 793 448 263 129 699 278 610 201 494 606 589 
830 935 553 352 711 609 151 970 891 319 958 396 874 434 122 959 177 349 548 833 716 335 526 916 552 632 158 975 407 672 25 641 791 124 362 619 213 819 403 197 838 312 155 484 110 440 368 898 516 503 943 63 398 934 450 927 137 272 649 556 804 740 828 750 637 173 56 679 452 369 584 779 983 151 710 720 229 437 490 363 591 673 154 540 948 958 451 634 532 256 23 658 599 660 487 852 143 946 699 70 
939 76 903 285 582 884 832 833 7 57 88 905 170 746 30 143 63 206 482 765 673 115 959 896 138 430 34 115 301 194 458 407 324 260 360 674 411 447 441 630 285 363 857 540 469 572 362 456 40 984 54 47 641 424 314 198 60 250 755 868 551 255 213 83 318 745 442 139 695 895 560 160 37 460 678 676 152 45 815 680 237 634 936 832 34 182 815 804 605 594 429 366 781 655 950 569 929 323 197 726 
568 638 621 549 537 421 758 186 332 718 925 326 151 165 919 704 830 510 599 499 613 669 926 330 96 971 522 649 69 289 931 485 688 738 465 775 423 587 562 565 639 727 939 682 39 393 52 104 827 344 441 378 988 650 71 334 350 666 268 883 714 676 969 856 157 308 804 285 633 505 345 542 850 631 210 581 60 333 479 471 435 44 295 314 234 218 247 956 544 326 322 376 136 252 434 205 529 883 293 912 
469 990 620 771 493 808 729 702 205 275 759 405 812 554 446 794 455 325 630 700 199 653 68 615 744 57 163 598 802 353 461 495 301 593 155 302 545 520 433 733 228 473 316 899 872 937 896 778 52 891 118 925 513 472 459 793 8 99 95 259 730 724 708 186 864 603 45 647 428 384 129 443 320 688 296 175 670 147 285 378 791 803 933 758 904 727 623 948 1 122 884 874 976 357 377 218 190 44 106 244 
552 904 498 679 201 416 400 852 245 486 124 411 505 991 787 954 2 178 863 970 92 141 978 293 956 500 684 830 679 212 179 927 771 936 163 529 655 657 55 7 855 611 334 76 395 581 417 958 889 545 356 219 551 373 850 755 533 753 254 110 795 602 200 992 927 455 621 697 370 378 779 114 971 65 474 581 955 742 350 916 859 827 149 437 411 306 996 501 21 836 119 922 602 752 520 429 3 326 544 896 
562 589 812 340 281 514 49 215 51 74 139 132 194 449 3 842 841 164 935 394 947 356 182 211 228 396 356 624 39 229 939 685 815 496 187 318 921 204 899 809 610 216 824 836 621 187 781 34 840 674 212 762 824 739 756 464 937 775 644 888 218 268 294 633 545 812 960 535 707 576 39 739 927 546 772 190 780 169 988 387 239 534 627 93 74 831 328 714 521 633 111 766 942 131 667 922 464 217 442 479 
744 582 894 462 596 638 840 817 367 643 72 287 168 942 538 572 410 64 259 303 140 218 509 657 594 394 592 978 188 430 737 262 278 134 527 208 808 877 907 734 454 976 584 501 658 603 28 774 152 760 549 889 787 209 615 961 774 216 709 305 862 141 743 229 542 960 643 60 355 847 646 884 865 194 484 38 37 189 503 275 445 590 605 904 284 863 229 702 763 414 531 718 228 540 74 883 752 675 121 103 
861 868 217 907 872 367 910 521 465 107 628 508 39 577 11 395 289 100 406 369 55 388 513 113 168 252 906 120 269 248 946 739 246 531 107 139 731 992 867 46 702 575 322 368 975 634 689 650 56 648 995 609 899 194 752 626 320 245 440 69 739 767 45 215 102 397 524 309 379 148 774 861 340 703 529 679 206 561 36 37 139 435 868 767 455 472 216 241 694 150 899 17 492 208 451 20 13 530 470 608 
966 805 685 687 571 180 987 194 667 742 23 236 992 125 919 113 868 213 816 487 897 873 764 180 535 899 140 488 699 730 734 620 861 281 64 91 883 894 454 360 509 448 328 472 369 421 71 313 496 602 569 204 368 52 539 703 395 519 191 269 712 301 367 394 185 249 248 186 901 469 714 17 566 769 735 281 85 228 730 31 148 103 666 542 613 64 287 657 514 637 397 19 437 515 206 137 432 573 285 626 
543 32 40 470 421 751 437 741 324 954 633 553 81 836 940 431 735 557 793 42 315 941 117 241 88 683 814 753 620 629 790 149 330 217 263 182 106 723 570 246 102 511 235 865 534 809 95 110 438 379 168 322 670 471 656 983 482 550 77 75 979 985 92 35 151 158 241 313 564 668 837 267 267 10 89 879 730 846 546 668 490 882 245 586 435 155 957 837 732 132 907 326 423 792 390 106 652 424 83 183 
29 460 422 517 267 373 698 201 39 194 45 432 491 689 648 385 914 737 141 708 852 181 937 962 79 91 525 500 155 622 695 809 412 786 847 322 846 718 359 833 580 686 521 578 641 393 560 200 859 152 432 810 620 721 895 600 59 506 512 665 506 98 469 366 305 989 37 789 116 902 927 6 457 506 542 826 508 322 653 438 6 385 461 906 715 975 228 782 923 85 472 823 155 698 357 495 821 766 635 99 
789 53 979 577 686 262 851 441 420 308 856 667 771 612 804 297 112 672 177 215 911 692 469 48 149 471 334 227 214 165 79 446 874 498 651 865 35 609 297 998 842 918 657 919 554 289 607 369 621 812 5 64 551 310 206 187 600 506 864 58 493 657 521 869 745 375 334 118 952 861 671 385 68 458 567 387 740 295 723 49 417 827 233 659 979 581 259 401 220 856 972 876 650 764 522 184 843 482 212 512 
101 448 102 803 996 270 819 422 855 864 651 810 204 957 941 23 155 959 614 393 553 316 170 34 590 660 978 56 441 428 727 152 130 923 198 227 48 595 509 840 948 114 756 203 358 873 464 573 647 325 428 947 511 948 297 811 431 642 264 388 945 21 341 301 367 422 134 945 322 785 915 386 516 750 585 556 783 57 626 955 543 606 736 623 766 250 914 111 279 358 325 932 293 341 542 920 124 736 799 558 
904 320 648 963 501 364 552 277 447 651 580 443 380 924 976 62 894 292 372 607 452 808 48 753 20 435 611 431 930 243 952 745 556 487 570 403 833 899 250 551 223 376 966 541 140 445 460 447 767 811 816 594 720 879 730 690 261 89 83 116 991 205 993 962 565 79 570 235 351 421 142 641 277 384 983 911 560 530 213 739 393 350 109 528 530 117 770 663 754 125 519 255 501 7 732 442 818 320 559 914 
646 880 636 124 842 330 552 379 521 819 827 512 309 887 212 866 850 344 513 368 762 800 735 750 98 385 615 800 573 474 474 824 528 581 710 582 286 143 153 465 421 144 837 353 649 436 573 686 327 809 943 582 453 410 874 739 408 963 266 124 613 309 274 510 252 948 585 449 42 184 57 615 110 921 956 923 687 214 127 767 291 648 147 856 291 450 33 750 733 948 182 350 90 257 176 978 522 989 288 701 
604 619 488 975 115 917 463 896 453 245 906 810 357 44 926 591 572 458 403 237 131 205 499 727 524 93 955 399 26 903 321 856 606 584 535 849 716 557 119 558 117 449 896 449 285 607 951 730 960 400 897 122 569 950 296 278 195 258 644 866 900 940 524 516 207 185 238 467 872 617 787 976 677 90 174 11 819 295 999 457 415 821 218 716 999 983 989 108 288 232 531 405 728 2 450 57 934 28 428 991 
761 457 508 523 199 95 775 985 920 421 325 108 265 161 95 796 357 528 940 96 49 463 695 735 846 578 987 165 149 763 498 44 310 861 658 353 346 665 289 17 762 185 290 28 439 435 512 529 491 393 147 970 791 135 473 736 503 44 198 610 811 700 559 643 823 428 92 466 382 504 332 757 434 139 893 336 623 93 780 779 1 505 250 466 194 703 528 217 697 663 556 167 712 192 284 730 660 184 770 636 
866 284 545 709 312 954 543 1000 178 85 164 874 935 913 298 169 3 824 709 449 341 285 404 461 172 94 601 948 325 431 61 953 728 949 592 607 685 191 824 533 761 404 487 767 789 785 978 670 328 194 727 97 636 876 31 891 183 464 229 630 75 202 205 816 727 410 624 813 55 994 655 990 858 474 598 873 43 409 851 641 811 477 247 287 156 293 829 937 33 860 376 506 76 40 154 170 224 316 890 919 
144 395 669 507 559 759 368 769 858 425 957 67 226 73 493 773 999 744 597 855 74 115 579 999 17 683 195 269 105 587 821 675 886 546 137 997 783 154 694 725 144 360 135 243 415 885 712 307 939 788 775 982 794 29 326 229 267 449 792 915 163 343 714 763 667 951 668 683 513 597 960 943 262 327 938 473 817 786 408 495 738 643 748 197 977 138 200 477 640 779 50 220 254 512 816 559 854 233 349 101 
639 526 645 783 485 862 557 677 704 689 878 947 835 107 4 924 8 249 506 950 938 1 249 375 298 685 168 61 495 137 605 100 272 814 181 67 371 317 57 784 180 704 674 662 422 637 206 668 869 604 339 552 407 259 4 580 816 264 370 39 621 295 804 303 732 909 562 781 394 164 678 33 412 679 372 569 603 737 123 708 841 17 588 116 281 121 411 347 158 847 509 116 714 155 185 414 331 154 33 69 
473 531 531 745 706 272 106 291 233 103 467 405 573 737 629 865 470 738 136 37 814 771 697 381 237 357 165 681 517 471 405 537 815 361 672 783 894 33 735 380 618 246 821 893 544 748 397 255 104 151 553 785 262 180 72 849 334 820 495 665 570 210 203 955 238 23 494 787 710 859 673 780 278 335 945 158 833 841 317 903 294 984 142 503 888 881 559 696 365 657 640 469 66 764 750 786 845 701 101 245 
651 542 592 668 411 123 472 191 50 474 372 351 600 285 560 719 139 956 113 794 674 564 703 510 485 493 692 655 420 467 700 422 117 682 190 147 738 480 442 65 474 141 35 306 30 150 871 202 295 755 404 944 286 589 661 282 68 492 861 881 963 512 140 893 36 79 720 178 123 934 302 163 144 307 337 933 808 98 242 336 3 63 968 641 975 436 130 523 957 363 419 944 922 150 980 547 473 340 625 255 
182 831 373 413 238 708 31 562 142 235 17 511 209 704 526 773 198 392 437 585 825 672 779 788 497 43 349 814 786 970 974 732 980 401 918 520 995 48 196 448 688 551 717 201 224 237 126 925 860 635 246 594 481 28 919 982 32 744 855 440 705 49 794 657 563 765 538 802 719 534 169 543 782 623 198 421 888 960 71 376 615 691 398 224 795 7 767 93 159 157 905 481 20 857 667 772 893 395 776 822 
618 343 542 728 513 450 260 500 713 135 690 334 801 977 605 763 705 153 347 546 655 305 923 999 125 178 665 983 448 347 817 753 892 156 698 274 415 850 342 540 971 67 102 400 968 724 522 201 514 281 634 763 46 334 367 444 474 299 653 890 622 333 485 13 414 691 46 686 241 525 292 263 71 492 916 405 886 126 142 684 125 945 468 794 309 506 170 271 893 942 287 251 558 184 11 401 350 332 17 858 
192 532 63 629 483 954 299 573 538 885 937 364 972 431 874 151 869 670 143 713 501 169 710 524 311 86 36 189 701 505 532 152 914 583 551 445 512 196 908 57 123 898 946 935 854 532 204 272 900 866 500 617 554 941 627 92 691 341 303 498 300 600 838 552 577 206 291 295 295 467 191 240 755 645 921 175 939 7 65 991 724 414 561 607 604 25 229 268 953 374 269 759 113 282 672 808 491 817 459 843 
102 752 387 362 833 726 951 403 923 890 90 372 180 57 359 852 803 159 269 523 569 728 725 948 869 951 562 994 722 719 641 298 967 536 225 896 669 629 836 252 870 179 934 101 555 660 798 830 135 45 986 561 691 533 408 818 433 207 291 717 13 569 291 643 56 278 456 472 23 193 479 896 676 148 510 868 587 903 653 335 184 660 413 711 991 339 926 736 268 458 436 442 92 375 41 478 603 473 161 652 
175 844 961 58 837 267 57 984 227 890 644 471 598 484 606 763 53 515 294 310 597 775 828 328 903 33 932 412 439 816 371 692 549 196 233 303 913 280 768 690 643 541 597 117 625 965 876 903 677 853 936 765 318 807 324 231 838 559 107 595 995 740 447 7 322 681 656 209 529 437 163 457 451 200 277 1 578 287 96 547 647 193 918 564 622 403 571 704 737 784 656 798 233 949 236 941 116 85 766 431 
211 185 17 613 483 794 327 859 903 137 625 502 196 31 709 787 533 376 474 153 424 502 536 26 784 883 379 302 772 847 202 937 16 243 363 486 787 604 25 508 345 708 616 504 2 750 888 754 907 817 728 524 939 783 117 137 272 950 772 523 347 758 780 704 369 68 24 797 395 798 827 307 713 160 244 753 731 551 741 170 968 85 286 81 2 124 407 762 225 597 870 267 343 499 958 323 988 852 849 193 
484 432 294 928 717 925 174 842 493 290 428 978 4 971 356 855 317 836 822 846 235 474 850 358 482 566 597 162 731 291 709 18 516 378 698 124 367 635 398 826 618 175 982 203 135 540 473 502 805 657 184 643 726 963 447 549 930 111 204 366 749 584 733 777 868 931 646 886 734 729 163 153 648 534 611 180 81 592 894 142 64 905 192 492 722 489 190 751 609 405 920 694 561 364 72 437 133 436 691 590 
25 545 205 967 809 814 930 253 858 431 434 288 447 21 716 198 312 675 326 340 350 74 300 914 753 840 207 359 653 198 24 85 978 761 590 109 76 816 196 150 387 96 166 683 987 333 501 491 950 651 664 621 200 860 302 874 740 418 570 829 918 30 942 833 232 490 99 579 872 229 536 840 114 365 417 463 930 985 698 34 621 47 268 289 729 860 526 199 306 706 384 369 166 711 453 845 187 580 847 71 
71 858 23 370 857 748 76 693 742 777 635 411 214 464 761 504 648 594 446 592 531 890 434 122 623 64 668 902 915 918 664 675 760 98 832 332 262 30 287 132 870 396 978 143 911 6 720 354 885 629 243 70 863 352 991 697 656 336 875 638 248 593 710 478 11 996 548 399 275 195 217 468 674 347 101 669 498 281 816 88 888 191 671 656 46 446 352 93 384 592 3 692 386 198 98 657 808 951 698 250 
742 266 58 549 265 790 252 901 590 632 210 649 249 854 962 990 728 562 605 774 913 552 852 552 361 595 804 154 887 948 916 181 809 469 260 688 437 237 320 600 634 141 85 678 544 315 684 720 549 292 861 133 26 288 165 483 806 312 987 772 433 163 471 729 683 530 828 356 733 320 368 532 680 622 650 437 334 158 579 575 590 270 952 721 955 223 559 60 415 455 903 308 844 820 813 45 475 450 29 186 
609 22 566 852 71 164 904 424 857 550 34 594 921 558 575 786 916 439 57 404 485 94 530 188 737 30 30 521 59 661 381 41 273 985 23 181 55 55 872 295 570 549 839 825 519 30 378 736 573 830 556 481 145 271 634 531 409 795 850 165 442 402 196 409 613 895 725 993 640 86 298 633 914 561 427 165 657 988 568 444 575 949 896 501 353 528 543 153 138 465 175 762 696 115 811 242 502 401 64 71 
738 91 253 718 7 883 869 53 205 9 842 941 16 468 20 520 903 913 538 263 189 745 16 407 725 510 586 653 26 198 840 976 557 564 834 758 955 163 414 473 637 172 455 419 441 642 48 904 953 444 226 300 507 995 323 973 569 732 136 681 186 872 955 579 137 810 624 586 308 169 949 258 720 295 688 535 610 617 742 799 193 176 240 96 483 390 152 178 29 501 870 598 503 125 28 832 886 101 768 800 
836 556 235 479 357 392 309 104 500 423 499 661 214 596 932 180 260 996 505 521 271 969 219 533 407 15 777 695 277 677 897 859 753 798 439 288 750 520 645 871 69 909 898 256 368 465 749 239 896 531 251 575 832 792 872 77 852 483 331 745 612 817 204 216 29 21 906 918 698 471 512 274 191 579 385 666 910 815 92 657 966 532 905 926 545 129 76 750 700 596 225 797 28 235 369 417 775 474 620 376 
601 773 288 683 488 57 816 746 162 342 456 746 958 423 384 773 840 645 800 769 33 1 403 515 30 449 863 541 391 757 668 982 691 922 602 857 266 550 688 433 507 317 58 747 344 748 19 324 983 972 804 741 913 1 915 108 184 948 951 989 421 357 82 368 496 453 345 789 812 155 673 205 697 446 138 595 44 402 544 868 68 478 175 738 86 485 751 95 124 420 616 696 161 580 304 711 680 103 730 862 
630 857 778 857 548 471 495 619 194 403 799 468 793 35 185 761 47 230 775 772 616 360 939 686 587 920 643 266 971 880 928 924 903 221 491 490 709 337 185 842 914 653 569 268 684 786 203 433 204 897 28 284 958 465 719 983 427 922 286 530 929 760 665 216 801 938 406 986 426 491 521 752 236 177 278 492 335 308 317 146 717 201 653 782 349 168 781 236 89 554 127 381 715 223 461 440 475 583 984 304 
548 887 607 229 712 815 221 837 705 217 943 916 426 44 508 498 749 939 741 324 430 600 166 709 319 252 94 695 221 315 404 948 988 211 802 82 807 830 103 151 586 865 215 688 923 916 14 976 790 218 238 520 824 499 580 482 566 33 593 538 88 719 944 735 720 657 27 46 199 72 803 752 66 804 600 869 712 655 77 305 96 647 936 22 792 276 649 674 345 556 16 691 874 195 60 24 857 151 690 89 
553 275 74 346 369 393 512 260 281 758 705 116 427 905 756 496 839 380 364 879 446 246 747 569 756 263 313 255 576 822 989 268 750 528 76 340 783 194 696 356 103 536 546 890 911 175 410 998 451 536 54 465 655 566 122 516 430 331 207 877 884 605 383 174 348 39 608 62 428 269 687 581 560 727 654 346 204 842 865 46 566 435 990 342 427 414 36 269 273 926 117 185 620 638 118 487 893 135 878 545 
256 651 973 823 21 649 32 52 562 562 650 554 799 812 317 504 745 492 409 563 411 929 596 19 458 327 699 120 376 266 735 204 587 411 604 827 839 744 478 120 841 958 13 897 285 290 354 719 195 705 418 222 117 573 299 764 437 49 189 376 5 998 435 696 806 823 185 568 812 801 809 207 498 160 761 612 306 382 526 65 728 461 31 607 720 511 595 347 893 916 605 791 203 252 873 523 359 429 47 950 
654 39 872 816 515 566 958 162 661 952 201 704 592 672 7 165 155 682 419 544 530 312 826 294 844 836 354 735 64 743 308 38 363 721 763 691 781 241 461 707 830 984 850 571 867 986 59 808 877 981 188 907 116 588 917 739 783 142 821 156 799 11 880 358 853 766 684 193 481 593 150 336 741 46 658 683 769 250 994 145 560 119 654 765 19 602 805 681 556 217 859 224 814 521 396 65 19 215 705 921 
398 694 392 527 74 129 144 62 42 889 109 711 555 929 512 829 671 712 603 829 683 462 460 853 651 763 584 540 437 693 842 859 147 888 884 763 957 810 237 118 566 991 491 434 430 363 563 516 872 711 751 361 900 398 791 107 224 959 891 561 435 477 752 464 410 254 273 377 430 17 808 731 517 684 485 707 505 493 782 624 486 967 712 844 623 127 357 520 508 375 790 367 789 202 730 807 2 377 304 171 
821 102 834 860 672 64 459 848 12 510 554 731 977 47 207 542 253 177 141 478 79 705 80 359 187 850 946 736 35 809 209 408 371 233 698 313 405 730 572 108 399 960 902 725 874 257 979 416 636 662 928 140 344 686 514 864 373 63 509 411 220 374 243 208 766 697 193 906 158 788 241 124 98 41 955 37 303 635 797 817 373 44 749 515 545 21 172 138 467 295 173 537 103 864 686 924 983 440 983 768 
201 540 905 538 757 770 321 643 994 262 452 562 977 212 205 618 753 152 621 133 341 891 794 665 59 574 611 835 607 452 443 338 944 563 565 613 936 819 943 599 737 418 529 625 174 103 839 313 640 789 221 730 315 850 708 820 64 305 810 613 740 686 518 368 321 936 172 541 715 211 173 273 158 350 868 680 910 306 836 704 711 613 358 200 926 990 49 177 159 58 938 163 472 373 95 155 870 709 7 747 
855 92 309 810 480 884 564 558 879 536 20 280 300 808 437 47 156 245 436 384 750 870 836 12 34 171 703 538 725 432 605 46 330 956 212 898 526 506 273 20 691 855 622 536 808 294 357 168 742 209 587 937 542 520 904 688 177 86 46 437 856 394 295 414 566 956 229 71 418 977 908 57 401 449 515 281 771 958 339 154 565 287 398 645 607 215 333 808 567 712 395 316 62 387 893 292 737 292 38 411 
643 561 637 517 353 388 978 865 22 730 98 293 791 314 639 91 850 506 571 755 619 62 270 184 975 939 774 47 933 124 263 773 289 490 188 713 499 329 932 722 991 504 904 266 734 705 251 939 237 842 323 537 197 739 528 360 595 314 571 975 456 891 401 94 972 499 775 884 847 47 704 828 944 681 981 216 457 227 285 862 106 711 85 858 381 462 433 477 682 511 171 533 132 226 355 853 444 62 177 966 
549 976 495 469 743 861 418 679 704 537 498 915 87 105 376 351 163 302 656 710 668 35 255 872 160 810 671 842 521 921 656 55 509 130 681 943 318 683 487 656 202 180 989 626 950 215 509 111 591 757 278 315 281 894 63 304 260 976 298 397 619 253 268 176 79 646 45 929 428 525 323 74 897 513 28 140 758 275 515 91 321 601 250 556 82 832 18 374 600 951 831 167 986 274 95 280 291 780 475 348 
