60 200000000
123 135 62 101 104 113 158 27 158 127 38 124 81 114 6 12 101 177 69 42 158 99 193 99 121 159 35 1 107 114 70 108 184 161 33 153 142 15 11 195 131 2 95 71 29 137 40 125 89 80 71 12 21 32 194 92 138 24 199 58 
4 105 106 55 12 160 75 82 184 13 163 48 1 116 89 41 21 17 16 172 70 154 115 190 19 15 124 167 150 69 176 149 142 116 191 93 53 174 123 39 165 25 176 162 22 54 59 32 115 114 77 75 134 117 74 152 185 74 68 115 
111 38 62 115 57 93 182 143 45 97 122 89 117 44 167 10 172 120 22 94 30 60 128 185 24 106 59 51 149 31 109 24 115 59 192 139 22 50 127 52 131 10 120 39 71 166 42 127 105 169 65 82 54 119 160 15 60 177 159 118 
81 152 181 143 180 116 143 85 35 4 129 164 111 145 172 177 197 54 137 41 159 179 53 133 3 27 126 36 114 10 101 161 75 35 12 111 32 112 130 162 2 11 53 48 97 157 47 199 54 142 139 177 157 76 90 126 197 23 65 152 
106 164 86 69 197 80 155 136 185 168 146 121 153 127 18 70 17 120 80 18 139 68 161 118 67 45 87 85 84 84 10 124 108 193 90 73 5 97 18 82 134 28 54 26 90 79 1 25 47 192 152 121 114 105 75 112 8 22 61 82 
80 154 17 110 136 31 128 117 197 92 0 110 87 20 95 54 44 197 137 166 83 86 14 173 140 29 40 199 14 127 139 198 33 81 165 96 158 167 56 122 132 11 190 44 36 160 13 92 78 15 83 79 165 170 195 85 41 55 176 84 
36 104 186 192 192 184 191 130 158 112 107 22 2 100 35 130 157 47 127 4 122 70 22 139 118 28 94 145 146 65 92 62 106 112 177 168 131 185 190 155 1 28 185 196 30 80 8 50 106 107 165 166 71 66 195 154 180 99 89 121 
141 113 156 94 73 0 25 175 132 74 179 171 133 129 2 129 42 70 37 43 123 178 65 35 85 115 98 125 8 8 25 158 51 120 55 99 63 136 186 108 169 12 101 146 51 153 108 127 93 128 105 109 160 21 64 42 92 128 50 179 
107 35 160 79 101 46 6 61 93 176 155 71 188 63 189 73 4 18 66 133 71 148 124 145 58 51 13 100 84 154 132 76 163 44 158 52 74 187 80 188 155 192 68 81 27 163 67 39 182 68 74 172 97 27 95 174 199 70 70 64 
117 145 111 1 10 187 90 157 25 174 6 185 194 111 134 33 128 79 182 28 131 65 108 10 89 133 74 85 152 196 195 166 16 157 180 33 103 136 165 19 140 177 136 187 136 14 73 199 98 52 70 49 42 56 50 130 32 2 44 20 
70 70 29 86 35 14 90 180 137 178 39 38 2 66 181 186 54 69 140 132 40 195 197 108 91 8 153 121 78 73 142 157 15 20 116 49 63 11 146 147 66 162 167 196 163 50 142 7 109 28 136 159 60 49 144 8 133 74 116 89 
44 92 32 0 173 158 7 54 53 14 116 197 185 16 117 119 71 72 10 65 4 163 133 56 61 1 26 74 10 30 40 145 8 33 1 179 38 84 31 149 91 189 119 122 110 92 130 110 173 182 33 40 162 169 10 7 43 2 73 132 
9 36 40 49 156 17 57 88 92 149 51 159 195 41 36 10 169 158 54 50 120 162 53 173 121 24 87 77 174 75 45 165 66 171 130 74 62 60 105 46 30 162 44 51 147 10 2 110 74 5 176 98 53 102 196 30 0 94 125 41 
22 45 23 54 69 68 70 67 144 185 169 6 28 179 57 9 133 7 146 133 185 10 161 126 53 88 86 78 135 132 196 84 51 8 47 174 186 48 93 20 9 186 64 7 14 48 179 122 199 178 83 184 14 101 176 150 96 185 132 138 
142 42 171 5 126 28 44 125 34 116 39 173 0 21 199 25 28 65 106 197 59 41 158 29 49 30 134 99 158 152 38 132 189 15 35 180 77 41 70 139 179 99 155 111 63 123 133 124 198 117 141 146 160 181 66 63 35 197 51 108 
16 159 27 139 92 165 180 129 33 150 71 9 70 108 130 26 69 28 59 169 60 142 28 98 14 190 0 75 58 25 150 65 108 140 51 136 115 122 100 53 155 164 45 54 171 110 91 124 26 72 153 47 6 130 153 155 197 123 40 51 
159 124 167 195 76 168 184 193 138 71 102 127 137 27 152 122 131 122 175 191 174 30 150 143 140 194 137 104 53 14 89 134 27 20 72 73 190 19 55 9 89 84 32 7 5 155 9 158 108 16 158 186 17 79 178 104 182 61 151 102 
190 125 108 100 28 130 46 83 156 5 187 77 48 48 107 62 149 196 23 65 16 152 23 53 59 100 86 170 101 21 65 191 16 161 184 118 52 21 44 122 76 109 26 119 176 45 190 99 195 37 123 43 182 74 194 9 36 42 82 77 
15 72 159 186 139 58 158 83 130 15 159 197 120 180 140 150 47 1 146 78 198 136 133 21 13 77 72 85 149 28 165 122 125 7 122 151 96 192 165 187 181 86 162 60 55 11 90 50 119 69 150 31 46 19 28 118 135 83 161 154 
100 145 56 96 48 2 50 191 93 74 94 150 103 27 59 176 81 56 28 156 134 185 19 7 27 15 81 86 155 26 140 70 186 152 3 87 14 89 142 193 131 153 129 21 79 54 2 151 198 11 193 171 182 172 40 93 60 91 83 5 
129 131 130 131 176 114 172 176 105 148 111 117 83 13 5 7 5 167 48 76 102 174 186 55 133 72 78 162 131 17 19 180 129 141 58 145 196 63 62 138 16 82 4 108 179 174 155 149 193 118 61 180 25 111 94 33 109 115 69 157 
23 31 97 146 107 154 93 134 48 135 87 13 27 148 14 149 157 28 162 142 107 82 80 105 63 96 166 55 13 150 124 38 121 142 180 168 135 152 11 196 122 34 192 97 97 154 4 72 48 135 171 82 155 84 18 42 176 31 105 4 
197 113 196 141 39 94 92 101 29 104 59 75 84 103 8 55 4 164 15 54 115 158 117 89 65 5 27 119 60 196 72 85 29 92 108 115 58 39 114 65 125 2 62 25 157 119 24 38 75 58 191 46 192 162 25 116 77 42 65 185 
139 137 19 36 125 63 197 151 26 25 14 140 71 54 115 80 101 66 55 199 14 171 187 80 6 187 110 138 152 150 71 127 174 5 89 120 117 185 166 90 88 75 55 71 67 156 27 151 107 160 6 49 181 193 27 69 53 137 46 196 
160 168 51 178 19 183 147 130 53 75 32 10 154 46 86 25 162 155 5 127 33 57 172 60 80 130 17 131 61 156 62 56 190 151 54 48 100 64 184 152 197 101 114 41 170 66 19 34 82 20 106 111 134 12 170 168 0 111 194 101 
22 187 112 16 115 116 135 131 103 104 49 5 61 151 78 87 110 199 84 27 77 175 185 79 98 155 80 134 43 15 145 88 128 184 76 132 53 191 158 27 86 167 45 62 174 97 121 66 16 181 140 91 137 28 147 55 14 116 165 85 
162 12 156 150 171 161 121 90 174 128 61 46 31 84 69 29 78 34 125 4 62 11 33 106 8 171 64 144 64 160 18 37 94 20 91 86 7 6 40 36 29 166 90 150 60 192 41 105 134 75 106 76 154 67 68 153 49 187 151 89 
169 159 54 71 53 80 191 176 124 49 185 145 185 163 93 138 124 28 136 18 183 188 87 67 163 155 108 103 67 109 65 51 113 184 178 130 9 120 64 109 147 49 27 154 124 61 167 91 71 165 122 193 15 93 101 104 129 92 138 156 
88 193 133 196 113 149 85 150 72 84 197 188 90 69 198 94 45 125 176 136 85 118 192 45 72 62 188 195 84 189 101 9 15 111 28 110 47 28 64 164 44 108 151 158 11 78 187 157 28 138 95 9 14 198 26 118 73 55 59 61 
100 104 198 148 72 191 93 49 101 174 91 195 35 175 189 177 124 148 42 32 137 174 36 158 138 124 31 156 89 151 2 28 177 123 52 96 27 113 145 115 17 170 101 99 175 126 56 15 183 151 130 165 180 151 25 176 169 49 104 24 
74 15 146 74 147 40 48 130 136 76 112 62 77 74 119 93 175 153 63 151 66 30 12 71 189 15 187 166 187 165 133 90 131 135 59 87 10 148 90 124 31 1 57 113 24 45 128 120 195 168 35 114 127 3 39 83 36 196 29 81 
0 64 93 72 76 47 116 162 30 114 41 149 64 192 156 141 33 74 1 84 43 171 68 39 109 148 20 171 49 175 157 111 152 10 120 28 109 78 134 75 104 105 22 101 36 177 155 129 82 130 1 153 143 9 129 174 60 154 155 62 
68 87 91 99 20 2 143 37 46 6 136 82 94 160 8 173 161 67 107 37 146 45 17 56 135 60 130 80 124 45 131 180 150 158 56 58 74 178 42 76 119 93 19 48 161 153 104 84 136 96 111 74 97 90 160 48 43 10 57 28 
44 44 196 174 165 26 84 86 92 8 24 79 40 28 23 116 34 162 101 51 42 14 101 55 7 43 167 82 171 140 67 66 167 17 55 59 171 188 14 22 40 69 122 48 73 179 91 110 135 99 48 48 141 94 85 76 148 110 30 36 
72 177 27 58 66 194 68 139 102 60 127 82 128 72 55 175 195 169 112 95 26 150 185 181 11 160 16 177 192 140 132 153 16 43 175 141 14 176 122 119 144 42 142 98 122 3 104 115 100 112 77 182 162 2 111 50 10 123 150 79 
139 117 82 198 20 40 159 66 187 139 26 94 31 21 156 143 192 76 173 84 197 70 187 163 166 78 178 181 84 49 54 109 94 161 143 37 53 89 132 129 121 187 180 56 149 175 168 105 73 148 85 194 47 92 17 71 160 171 67 64 
56 120 64 43 55 96 172 29 129 38 126 3 57 167 175 158 129 94 123 78 133 43 161 150 153 50 184 184 199 177 146 50 166 9 62 2 87 145 48 126 82 47 172 39 97 161 123 15 51 27 5 72 68 57 8 87 106 0 7 161 
67 64 111 116 69 172 134 81 159 141 108 145 190 132 183 102 42 151 65 3 115 174 69 142 110 54 122 165 180 149 119 71 84 31 8 37 39 153 8 24 133 148 112 92 151 164 174 198 29 58 97 58 65 22 180 17 91 65 65 176 
126 162 56 60 34 87 48 13 195 15 85 152 139 102 179 42 44 64 170 113 56 41 106 181 29 13 9 8 139 131 11 73 15 55 129 87 133 41 29 108 73 8 172 64 71 74 117 24 29 176 34 78 125 94 133 131 87 137 37 3 
150 124 0 168 1 28 123 121 197 35 39 179 26 2 22 168 27 10 192 168 50 28 7 38 67 79 81 197 95 107 183 34 116 156 161 35 115 73 29 144 75 53 192 145 20 86 123 89 30 84 193 193 131 36 1 176 10 30 175 162 
197 59 40 78 197 171 110 44 109 62 16 182 45 81 125 55 72 36 106 58 8 145 3 20 48 199 135 92 153 17 31 138 17 9 143 158 154 152 190 58 15 58 123 107 20 5 33 83 14 147 108 19 17 113 124 24 57 175 169 131 
90 144 88 29 196 196 133 74 41 21 169 6 113 142 31 165 145 51 97 199 95 68 8 28 49 108 52 13 30 170 41 44 148 157 42 172 20 13 26 139 84 0 137 38 35 82 27 86 162 145 32 3 41 104 159 22 192 185 172 187 
23 113 188 167 55 135 183 62 163 172 45 8 1 146 139 172 94 166 8 142 17 152 100 53 102 173 89 176 134 10 28 43 4 83 197 44 35 157 20 155 175 105 119 49 50 122 50 184 48 34 110 147 180 39 125 71 36 84 61 51 
163 109 187 172 62 82 122 196 113 144 156 4 162 28 119 143 181 162 132 145 10 13 108 199 29 176 188 41 189 132 19 14 63 83 106 158 195 164 27 158 111 152 116 56 138 149 158 113 84 0 1 55 5 152 123 2 35 137 129 137 
151 199 44 177 122 3 32 50 156 2 49 43 86 4 87 119 73 155 52 95 6 173 138 74 175 115 42 74 70 99 107 169 132 51 192 132 188 143 6 23 178 156 68 105 158 30 139 161 182 127 96 1 131 57 143 27 146 190 66 113 
37 6 43 168 187 9 158 184 46 77 123 45 107 74 35 114 16 60 104 183 97 193 122 160 11 164 39 97 20 185 35 190 74 178 112 63 124 81 47 12 110 86 104 117 9 20 143 118 10 95 39 177 130 105 3 108 190 174 43 28 
55 156 92 194 148 30 51 45 63 195 171 8 94 18 93 30 131 81 191 171 126 7 56 29 145 167 123 91 84 70 26 28 154 118 61 52 195 188 115 98 76 94 177 45 12 161 89 104 65 162 156 179 146 36 90 21 86 66 1 103 
5 141 53 34 4 136 135 140 47 42 153 135 147 147 161 2 42 35 20 92 58 23 117 22 56 158 102 32 49 147 134 15 65 43 43 173 7 130 50 178 169 121 5 130 180 43 20 175 95 199 167 33 136 176 163 90 135 188 11 198 
42 74 57 11 40 104 109 38 114 36 13 31 159 25 134 53 191 115 130 69 114 183 170 103 74 21 158 57 62 7 58 88 89 95 83 116 42 52 19 148 125 181 9 42 82 185 125 168 180 94 2 99 109 49 29 166 64 173 5 2 
87 39 75 61 134 146 28 105 144 22 164 151 56 111 93 131 131 11 25 34 164 59 93 161 55 165 126 87 178 106 112 54 121 36 85 110 66 82 115 27 152 15 129 87 3 56 98 131 136 173 67 3 37 105 130 159 56 173 112 153 
40 10 1 116 172 94 168 81 187 81 112 176 76 40 121 197 183 33 128 153 122 184 178 59 49 121 50 46 88 176 153 149 187 198 93 4 120 140 30 24 123 101 92 26 18 102 69 176 154 82 94 117 18 92 7 43 94 43 28 117 
87 53 42 121 73 197 191 14 37 39 28 179 40 159 135 96 52 116 196 121 197 90 117 192 79 112 26 194 150 31 50 13 157 85 130 111 99 129 165 83 99 95 53 144 60 22 192 115 144 97 15 150 72 139 156 121 96 166 2 144 
143 29 105 117 34 88 57 87 186 128 63 130 115 180 78 121 149 180 96 90 0 196 62 49 156 155 180 128 127 44 119 22 51 100 91 61 87 150 89 80 164 51 6 84 19 102 170 134 125 39 79 173 19 102 96 194 71 91 28 14 
59 171 27 82 97 198 16 85 50 126 48 113 187 10 90 15 84 5 87 165 19 160 84 197 169 7 101 191 27 115 149 58 12 179 91 143 120 25 191 78 20 10 46 77 117 133 50 45 183 136 109 168 15 191 127 1 114 71 86 74 
78 51 134 84 74 100 42 82 146 38 169 135 134 64 20 81 36 4 95 70 114 48 141 14 40 132 33 73 54 125 83 107 98 42 112 60 29 69 126 173 78 180 13 32 118 153 65 7 38 158 8 96 182 61 15 144 176 71 34 45 
117 171 115 112 6 17 19 35 29 192 87 183 36 117 156 58 70 149 30 23 5 52 14 45 52 199 82 21 118 111 33 126 135 111 95 107 74 192 134 0 122 179 190 177 124 95 142 44 53 155 27 127 96 94 144 45 91 189 87 173 
43 150 143 171 100 186 127 139 117 135 41 124 124 7 123 146 126 155 18 166 194 13 87 49 55 180 71 6 130 161 30 88 109 130 51 13 108 108 106 17 73 70 134 21 83 92 133 106 11 49 9 49 119 169 99 76 106 158 107 82 
99 49 101 183 125 51 118 194 151 21 48 108 157 37 179 85 47 185 156 41 193 89 178 187 155 104 110 193 25 131 171 72 29 190 119 137 83 67 176 172 54 76 98 12 169 131 80 188 161 176 122 192 73 3 198 31 158 170 193 111 
68 53 191 185 48 88 122 54 24 185 136 147 7 26 56 121 22 33 22 145 135 87 181 62 163 6 44 66 88 55 108 102 107 98 137 76 116 54 7 71 34 60 110 62 36 127 177 188 114 79 124 180 147 47 141 83 96 67 5 62 
97 14 142 134 30 27 46 177 193 34 61 115 18 173 92 109 59 171 78 196 190 189 115 69 139 152 3 16 182 74 40 162 9 176 103 104 110 55 105 0 39 42 196 10 97 188 7 56 166 54 95 154 178 139 99 60 121 137 22 148 
