18 6000000
367 416 325 380 304 428 222 86 563 502 541 315 70 13 537 5 563 434 
513 308 101 248 562 94 97 321 181 196 511 517 1 51 393 335 357 112 
292 336 328 96 396 464 477 231 4 209 177 167 174 319 463 83 504 85 
294 196 529 578 265 460 394 428 383 297 55 259 348 484 344 505 488 235 
315 416 295 276 165 454 296 371 193 469 281 446 520 285 140 190 82 197 
211 489 155 311 497 102 369 493 572 64 309 449 389 399 424 209 434 587 
32 530 191 178 532 572 136 260 116 231 402 526 204 28 35 532 178 375 
110 130 510 571 451 44 410 391 215 388 514 488 584 188 526 239 196 485 
462 476 371 143 5 387 449 354 368 110 64 421 353 107 550 308 311 56 
227 599 8 300 86 137 570 127 184 223 175 421 41 290 7 190 17 429 
34 130 50 395 470 316 516 443 109 404 217 142 27 137 451 59 543 23 
386 320 168 93 186 587 378 130 588 161 256 154 588 576 428 475 339 72 
229 445 582 240 320 377 271 198 339 0 459 438 190 352 99 543 3 451 
462 65 511 432 335 340 417 230 75 358 586 190 414 147 390 457 406 370 
66 546 376 485 182 324 538 473 270 23 505 455 499 224 228 394 559 470 
441 465 353 116 190 104 245 148 42 450 320 472 485 146 99 111 93 179 
253 286 322 51 174 517 189 167 337 532 20 396 10 333 65 450 257 131 
325 229 253 404 319 215 276 443 289 168 578 417 444 527 336 53 394 350 
