32 4000000
300 197 208 11 90 28 324 125 369 56 360 28 90 4 298 40 399 391 355 104 347 42 183 162 290 13 57 7 43 391 212 348 
279 397 344 192 61 69 338 235 164 188 287 308 101 196 194 374 31 97 292 388 141 262 219 362 342 156 335 6 83 307 376 86 
102 92 140 308 168 86 40 303 259 103 300 348 354 302 332 205 359 135 244 177 283 334 77 365 155 375 253 280 80 301 355 157 
175 394 115 284 323 103 383 194 280 20 39 251 362 10 65 341 349 15 397 215 142 42 163 273 41 39 30 198 156 173 300 55 
236 382 182 210 119 95 126 219 250 25 167 217 116 368 249 133 106 354 356 334 204 257 357 240 136 20 7 22 110 43 140 158 
84 114 45 301 298 264 269 370 224 144 372 175 327 71 283 277 230 7 356 335 334 300 348 194 48 326 355 179 93 286 379 249 
254 172 63 69 54 56 358 80 228 367 168 212 285 72 272 317 57 296 82 241 285 51 64 174 250 68 360 386 339 63 224 161 
148 117 20 19 225 376 303 28 45 159 56 112 365 107 63 70 188 315 249 204 352 206 72 364 140 328 238 125 327 22 259 333 
365 245 357 286 101 111 96 270 163 152 63 187 223 200 241 135 117 394 127 9 350 212 316 196 191 24 30 107 289 363 141 53 
1 83 42 366 89 375 66 78 334 49 339 78 395 295 269 88 78 363 76 63 209 175 182 111 172 109 96 69 105 6 134 354 
120 169 362 380 308 294 317 197 374 355 92 352 137 256 348 82 365 358 281 70 240 181 124 260 314 206 155 242 135 190 245 10 
186 237 398 382 128 117 360 186 35 247 355 74 17 298 54 284 44 21 350 230 338 175 374 107 16 213 120 186 323 76 51 311 
127 264 254 319 68 348 379 182 365 35 384 99 155 126 34 302 306 190 50 72 81 85 205 396 312 56 158 357 229 344 71 289 
336 258 257 164 296 243 336 32 45 335 122 115 351 260 281 193 278 347 238 115 292 159 297 48 265 305 326 172 229 58 202 287 
339 98 191 87 228 273 60 128 121 133 9 34 21 212 322 156 386 370 25 112 147 164 1 127 202 326 8 342 380 106 276 361 
161 370 1 319 96 304 362 142 106 315 39 233 166 309 165 135 157 380 252 6 102 125 45 175 389 127 43 140 288 159 268 311 
195 24 287 53 116 182 320 291 313 107 329 15 296 1 220 186 111 96 79 269 230 114 198 282 385 118 327 132 10 243 26 50 
127 285 304 175 184 108 22 166 348 203 90 12 244 190 141 78 272 376 25 205 217 59 68 279 150 145 182 184 115 236 376 1 
383 377 301 135 244 138 165 207 125 99 320 217 355 197 320 90 360 314 34 143 136 176 239 79 108 90 285 384 257 3 11 364 
313 164 381 309 161 343 85 231 114 365 275 285 123 30 190 311 399 175 371 106 171 297 30 136 252 103 7 50 206 95 238 220 
7 309 377 368 277 253 125 133 293 336 204 64 358 384 127 76 237 191 196 246 59 109 41 252 236 209 106 264 145 218 166 392 
16 182 105 112 249 114 70 385 333 51 211 267 187 341 346 33 331 34 156 12 14 21 9 339 117 31 30 233 209 394 382 216 
123 221 276 269 390 159 375 339 306 255 191 197 17 35 168 206 127 207 324 211 238 57 246 20 383 331 156 94 280 136 44 340 
146 35 291 96 386 108 41 356 315 28 265 390 338 19 256 332 242 224 196 179 177 65 103 263 355 107 347 78 189 108 120 389 
236 367 141 208 279 369 308 380 130 386 40 7 357 301 347 290 93 27 323 149 65 244 308 180 151 360 261 145 216 126 316 34 
305 299 42 53 92 165 287 193 254 280 53 238 162 41 320 8 294 201 185 80 213 348 327 132 389 362 239 48 193 326 13 388 
233 13 100 135 392 146 98 61 87 200 360 70 289 318 392 391 23 66 15 92 116 15 134 286 19 185 355 369 128 267 101 178 
268 367 113 159 69 142 38 23 197 72 344 212 26 134 155 118 326 173 141 370 152 70 9 90 59 173 201 287 285 390 140 276 
354 215 265 53 90 338 275 135 81 257 141 274 373 7 208 317 349 20 42 89 280 361 377 336 388 141 329 271 304 191 170 130 
68 318 69 175 239 373 16 294 369 154 352 391 314 378 191 261 67 397 127 121 44 384 365 361 53 370 345 123 145 222 198 69 
152 171 61 279 284 273 246 75 126 365 361 395 18 70 385 164 256 337 259 234 268 258 111 349 104 148 84 138 217 251 8 196 
183 376 232 244 73 316 220 335 49 161 79 311 131 133 46 389 124 376 159 389 224 88 324 322 116 299 368 4 174 398 361 231 
