64 8000000
439 550 66 9 82 72 261 383 47 340 88 287 613 245 395 488 98 18 726 3 542 725 492 772 430 619 51 302 186 782 275 565 49 546 44 232 92 542 45 110 48 556 642 271 455 210 718 119 273 721 345 471 743 205 108 461 737 302 91 133 776 775 353 671 
366 214 787 307 413 363 557 403 654 748 210 400 187 376 147 223 119 491 333 28 380 673 599 624 388 382 444 752 220 430 455 582 790 456 604 788 383 184 79 22 145 157 655 135 713 528 258 231 795 199 727 539 612 441 696 725 385 451 255 86 126 74 490 17 
146 513 370 754 585 141 56 735 673 295 33 766 217 35 36 87 231 559 97 699 585 669 373 741 191 740 491 256 55 484 117 777 296 329 411 182 387 722 787 791 550 146 593 348 499 86 769 312 386 777 531 228 690 341 374 455 37 682 777 212 781 196 558 437 
65 616 543 71 373 302 165 517 393 358 103 393 512 724 320 273 19 638 276 479 167 456 420 3 221 381 128 700 297 561 381 253 645 357 680 621 775 11 537 49 176 522 490 78 518 644 362 714 388 726 237 594 240 703 71 226 302 709 217 160 307 85 363 393 
61 105 251 656 673 495 213 36 580 327 675 338 398 429 774 491 284 761 710 616 150 259 262 746 576 10 444 390 468 726 320 2 335 284 514 665 299 355 481 741 782 69 665 574 385 248 573 573 195 334 646 710 415 249 202 230 635 595 592 88 18 29 771 303 
325 486 485 463 365 47 38 700 724 12 693 376 421 621 55 71 577 606 21 374 308 588 538 187 39 714 574 478 343 626 317 664 582 239 236 59 400 410 588 530 448 356 383 234 36 724 251 242 382 241 605 31 413 643 95 275 44 85 493 510 777 637 693 198 
25 543 126 259 378 206 538 494 793 436 382 763 773 53 369 388 131 239 451 233 99 101 705 693 274 796 742 66 274 229 244 95 744 765 643 561 628 81 441 696 166 230 795 276 591 119 226 424 342 672 178 29 716 603 135 553 386 41 337 722 601 532 289 526 
186 210 164 429 391 236 720 57 273 576 317 476 364 260 310 771 64 44 687 226 66 109 697 280 66 579 85 244 38 784 453 536 503 454 457 349 89 423 8 504 449 491 301 731 483 194 116 703 682 698 645 160 459 99 481 41 667 209 250 434 384 354 72 519 
710 641 345 107 564 650 744 477 766 622 690 538 188 730 517 131 410 147 538 64 497 5 708 516 310 732 489 147 753 722 17 610 689 650 445 383 703 508 441 528 624 723 117 384 799 659 720 183 730 575 374 297 91 346 749 498 345 652 714 608 576 327 137 658 
287 203 796 447 577 679 387 90 159 448 541 789 788 631 446 228 752 166 290 579 336 363 641 186 590 777 260 64 629 459 119 190 217 650 95 437 740 625 141 770 403 127 211 33 707 44 87 49 326 144 646 694 378 480 203 164 60 282 224 91 440 260 228 110 
389 48 461 648 527 35 608 721 788 149 799 589 724 251 674 6 226 132 521 619 608 577 753 89 170 649 453 729 754 27 631 266 748 293 207 673 522 644 227 174 747 749 200 160 623 492 616 171 398 459 756 426 170 118 155 0 34 28 124 643 393 408 473 155 
502 80 301 231 125 382 415 673 606 430 535 611 572 359 624 361 49 525 750 313 320 422 146 609 267 572 237 64 166 675 305 712 396 443 302 34 752 23 763 370 598 95 83 732 451 532 355 136 787 562 256 578 266 794 670 613 77 369 447 344 529 547 552 57 
500 716 27 26 299 601 736 266 316 618 677 213 461 442 136 302 220 610 786 44 496 59 678 114 144 514 634 404 755 1 646 151 23 108 315 312 182 298 406 304 86 277 244 534 544 674 104 677 20 708 75 159 282 526 563 563 444 601 103 123 530 165 626 201 
670 259 631 323 730 754 548 172 270 552 233 69 166 468 202 724 291 34 51 740 145 94 588 653 185 764 782 405 760 55 373 23 144 217 630 452 285 59 18 71 490 397 684 460 101 248 279 516 305 770 595 258 187 82 762 458 143 404 790 523 395 639 406 650 
116 661 225 353 744 555 10 680 404 395 260 339 647 726 695 571 230 397 51 450 225 657 197 561 422 393 168 4 405 37 222 553 788 545 351 644 548 76 721 119 403 137 185 64 243 565 81 419 234 202 282 746 428 612 148 490 263 739 652 8 605 624 788 284 
727 323 569 437 55 36 530 92 239 16 468 61 48 350 174 4 486 611 177 4 610 755 143 254 536 553 265 320 395 361 481 44 69 420 663 602 107 540 114 544 335 264 381 177 136 185 789 676 384 414 416 312 205 518 320 436 578 453 487 755 454 728 717 671 
709 364 640 541 358 475 668 267 509 345 283 261 162 494 79 333 194 709 302 684 660 549 684 532 526 285 591 489 184 325 287 256 481 386 669 549 82 587 118 259 448 362 23 384 166 421 771 487 114 94 195 362 702 183 222 487 546 506 73 394 360 408 288 692 
448 720 501 251 566 370 168 338 736 420 345 746 668 262 666 120 506 337 648 185 213 645 123 116 40 739 252 767 414 280 791 293 107 636 753 198 345 473 764 127 422 464 712 779 236 600 476 170 64 680 101 418 352 343 654 451 6 514 273 335 354 270 77 346 
552 143 761 302 773 200 23 530 88 436 780 108 222 772 112 677 686 329 289 556 263 405 317 701 710 189 335 323 540 290 265 315 576 81 52 540 417 71 771 660 415 152 431 84 762 434 734 463 363 798 133 287 370 615 560 521 783 670 799 610 181 540 148 145 
539 233 746 279 693 61 8 12 483 198 630 588 105 362 240 562 255 365 280 227 649 372 336 175 553 523 713 276 435 772 662 259 34 481 484 551 201 468 142 323 173 260 43 763 81 51 331 85 785 351 771 289 724 165 773 440 316 620 116 161 607 257 246 58 
283 511 234 148 453 370 284 607 227 732 54 777 507 151 90 289 11 475 398 480 699 771 438 171 432 107 104 498 354 157 284 284 143 780 419 391 49 736 58 426 622 340 671 30 144 796 99 605 756 363 480 233 262 147 140 432 429 463 366 718 546 414 465 563 
71 112 88 263 534 422 593 620 503 181 493 515 406 75 686 49 340 341 161 611 285 544 526 303 731 767 782 509 137 461 253 263 554 371 176 572 602 331 457 235 677 422 744 287 87 396 452 709 52 706 442 438 553 561 389 273 162 740 783 392 61 81 583 94 
575 188 148 591 262 729 361 369 383 401 505 794 729 454 237 354 442 794 179 234 432 685 25 541 714 38 666 246 72 116 504 450 624 565 524 519 611 758 90 261 495 92 648 348 294 163 624 399 431 773 787 712 475 189 337 155 507 716 311 79 369 252 664 666 
484 708 511 717 119 555 99 496 252 336 700 622 421 425 533 533 667 682 707 247 83 201 437 436 30 640 461 796 799 370 558 655 771 722 245 775 780 672 589 601 590 181 382 216 734 225 230 794 103 499 267 575 735 601 79 687 569 104 612 291 764 766 450 744 
469 455 120 543 264 349 31 520 45 243 469 256 504 307 648 328 217 70 785 329 294 789 452 21 278 77 421 527 143 424 317 301 289 586 13 700 629 777 706 102 321 273 330 336 157 295 102 231 27 76 608 668 242 548 95 428 539 599 600 357 64 248 39 774 
50 101 735 519 346 238 702 345 18 729 388 271 660 36 774 669 243 205 670 480 74 687 677 478 306 206 484 495 407 693 103 92 461 318 179 71 799 530 378 492 168 369 492 710 101 532 656 660 11 176 596 445 533 30 449 786 257 346 370 20 764 137 6 758 
667 62 500 516 523 638 671 228 203 322 714 91 281 733 749 532 9 351 201 444 381 89 633 177 146 130 105 637 247 442 651 221 580 493 744 647 72 601 20 651 323 52 485 153 150 648 293 387 215 224 326 580 425 232 789 354 748 175 434 112 113 624 415 375 
208 274 343 183 477 45 546 104 57 494 390 325 741 701 767 11 604 124 402 222 289 306 190 333 247 201 21 439 336 53 650 527 360 439 427 604 722 480 336 675 499 154 308 233 238 771 260 563 416 123 182 529 749 320 380 507 250 632 57 442 541 784 211 426 
210 290 9 254 303 572 455 197 378 638 408 396 538 291 667 484 459 389 377 293 758 731 374 147 607 292 486 672 65 392 66 434 631 700 763 70 669 71 175 213 23 259 313 630 751 646 525 325 5 97 292 162 322 680 565 637 589 244 550 241 162 6 321 590 
64 45 489 251 546 649 207 411 624 529 576 112 311 242 642 446 758 792 287 753 794 402 320 737 109 689 606 21 138 274 789 614 276 637 475 421 615 396 271 224 207 399 501 545 24 336 1 55 390 787 209 537 742 480 512 520 5 227 409 84 575 532 425 66 
538 691 664 205 468 790 728 299 795 391 319 497 188 71 562 505 669 632 67 418 655 217 253 569 318 530 700 791 43 531 355 523 220 793 360 218 82 529 178 324 443 127 518 361 9 449 222 459 132 47 60 725 763 70 766 381 352 774 114 70 693 217 715 137 
289 629 756 436 615 227 229 468 409 0 180 560 681 484 621 725 577 290 677 217 116 15 43 794 147 103 641 103 356 748 682 770 113 560 740 68 541 21 695 641 380 274 302 110 675 249 38 256 637 151 229 182 480 284 590 794 608 732 561 676 514 405 39 0 
756 145 415 113 283 302 467 470 172 381 415 523 415 200 626 83 481 695 421 533 169 725 780 613 333 78 747 260 598 187 44 778 50 418 782 99 712 280 575 56 241 424 269 208 773 313 281 214 435 522 13 413 246 641 400 321 260 229 695 464 552 616 158 105 
691 9 664 419 782 217 387 145 403 509 736 164 701 787 2 306 765 632 324 694 622 521 703 408 587 777 92 783 640 99 455 388 511 592 774 88 532 794 585 296 506 610 449 688 303 703 565 654 165 233 595 9 91 373 324 370 748 545 547 745 6 627 783 515 
702 573 415 522 610 515 182 614 302 640 632 539 131 166 187 370 565 164 225 317 132 429 133 181 142 535 563 6 674 481 158 686 792 760 716 162 319 636 340 177 503 415 364 301 353 398 92 711 756 338 471 474 401 601 10 363 633 177 629 783 189 661 443 46 
341 235 629 742 277 428 427 147 158 518 613 654 17 639 575 340 330 571 412 296 74 192 508 315 180 408 497 619 605 150 270 682 542 349 129 129 715 125 547 628 777 607 77 743 124 323 141 769 446 647 89 496 407 523 355 14 617 468 238 355 331 558 448 362 
249 85 217 280 682 437 515 634 706 368 137 703 552 128 237 23 794 286 661 313 640 3 486 779 735 332 148 157 688 739 793 599 688 668 548 149 472 701 787 559 655 66 772 766 799 191 648 732 197 680 281 716 493 525 174 378 126 682 685 355 114 542 128 248 
745 90 171 319 766 637 156 411 666 797 580 525 711 200 133 347 743 556 461 399 39 404 770 387 718 564 222 509 763 263 350 309 78 247 757 766 292 252 294 4 713 328 17 435 650 131 493 121 553 243 664 589 692 607 363 431 535 531 466 465 369 454 762 599 
69 602 203 763 595 676 344 500 6 365 532 312 590 312 104 224 177 677 451 203 125 21 17 709 66 239 239 9 286 386 509 5 408 492 660 541 465 219 155 307 216 210 597 101 125 654 445 503 168 394 501 755 587 287 635 366 533 112 61 12 744 517 142 231 
110 22 505 428 712 682 86 7 614 544 571 673 30 463 405 614 278 233 87 620 676 197 497 560 57 477 37 579 729 725 22 358 559 734 642 81 158 153 370 730 538 511 143 628 728 321 215 630 356 172 272 734 210 399 189 725 759 736 398 341 536 507 317 8 
771 204 726 51 413 272 310 51 91 695 120 263 693 173 780 430 248 89 777 530 284 293 68 709 725 319 770 490 781 479 330 24 626 714 606 282 395 662 555 155 209 48 671 0 444 410 507 406 572 665 778 366 745 462 337 134 605 99 294 747 160 712 677 315 
740 382 321 15 210 373 793 505 292 625 556 458 21 114 749 631 406 756 410 765 355 147 201 770 117 115 708 94 217 96 216 411 257 593 136 185 345 435 615 277 540 419 486 682 8 283 234 184 528 81 97 708 625 508 343 1 711 313 740 142 512 141 73 447 
689 108 571 256 200 633 126 55 386 526 501 682 541 670 25 161 17 634 425 205 315 657 385 681 634 571 142 96 189 408 384 175 380 84 737 685 295 174 133 8 92 410 98 625 605 483 195 699 448 309 631 31 233 90 687 484 533 675 552 222 440 617 262 788 
106 52 34 390 94 316 453 175 723 206 533 743 398 114 527 781 199 171 214 483 3 62 490 57 322 343 573 15 474 200 354 757 644 210 391 790 149 169 709 212 175 52 213 661 569 275 773 703 77 356 492 224 401 742 602 593 680 63 691 731 777 380 189 635 
432 664 56 322 788 735 366 384 409 690 43 66 550 429 399 569 154 231 513 510 347 123 774 531 15 197 723 555 590 366 31 748 344 684 636 628 227 228 328 602 151 497 446 439 254 265 403 132 470 542 446 293 745 514 599 487 607 207 4 166 402 422 719 370 
418 215 796 435 394 352 442 554 595 153 439 90 775 687 729 519 265 463 683 318 451 614 308 21 128 359 430 436 347 460 534 53 760 32 191 7 433 701 492 409 532 210 30 725 427 519 330 107 539 675 207 560 434 174 742 774 154 787 187 670 179 616 795 91 
704 721 366 697 641 417 7 174 385 387 282 175 401 441 462 311 532 130 595 355 444 97 181 161 725 796 49 363 65 578 231 494 388 432 625 688 256 630 19 209 644 341 116 369 672 780 556 595 477 180 574 32 682 40 680 47 314 329 184 707 556 353 545 213 
779 486 559 692 440 258 471 715 164 432 211 162 34 457 685 167 540 481 537 750 165 747 231 534 623 164 249 655 318 270 178 281 477 475 688 782 431 270 476 3 233 124 736 170 126 376 728 316 122 560 395 629 724 146 507 512 157 147 60 22 798 241 482 737 
546 695 286 357 655 321 426 97 603 449 418 274 572 193 374 537 224 746 285 318 606 389 716 309 653 799 488 416 628 434 344 501 354 642 318 513 447 357 616 365 226 711 642 545 708 620 14 38 372 439 567 592 141 11 673 699 677 272 293 341 552 569 765 573 
261 483 475 43 262 672 350 624 486 245 679 319 222 417 585 44 32 607 160 723 8 333 771 668 431 590 733 798 34 685 216 130 499 323 667 394 206 315 405 497 367 564 698 692 50 71 463 50 298 490 672 176 566 467 474 480 146 481 181 546 682 311 242 491 
596 202 134 582 94 190 533 153 485 44 387 489 744 615 295 768 700 95 737 46 161 773 621 45 53 240 408 74 392 223 530 257 144 64 37 616 62 17 261 174 752 69 425 229 72 41 505 319 29 135 776 53 784 299 356 749 386 36 236 796 36 525 673 170 
271 589 159 662 694 572 654 154 216 455 117 625 250 757 558 469 213 458 704 749 75 716 168 423 672 37 281 195 775 265 39 721 602 24 446 154 654 582 120 229 358 25 654 19 711 658 558 365 140 48 559 479 26 209 385 580 407 251 584 740 279 250 203 475 
759 427 295 284 590 696 106 182 320 36 125 117 533 362 385 492 201 161 669 82 742 355 438 139 783 686 609 233 605 74 181 146 368 716 165 739 766 282 332 341 112 16 169 415 749 35 621 188 54 484 19 527 277 647 272 132 496 421 43 569 258 447 494 157 
747 452 701 599 262 628 263 42 412 229 155 407 504 166 797 164 187 483 121 508 368 200 502 439 770 105 463 540 588 34 574 740 722 762 410 576 239 174 99 670 494 43 571 647 156 699 343 45 318 452 406 451 767 749 17 781 429 258 372 731 69 186 492 143 
75 216 322 775 607 47 519 87 396 393 432 119 387 457 35 797 168 624 498 108 779 445 681 493 697 568 163 189 116 209 257 391 128 644 253 627 191 96 572 32 128 521 674 365 52 26 523 734 321 270 215 157 250 97 165 320 462 659 451 554 128 525 357 20 
696 487 116 396 568 585 649 190 593 401 762 627 726 372 660 184 561 232 427 544 182 97 13 652 181 26 413 330 723 247 383 508 699 553 111 603 560 402 151 123 263 682 448 304 435 448 777 146 673 516 630 637 421 293 746 123 404 503 345 582 532 439 535 649 
17 786 629 199 241 387 749 638 106 379 476 557 50 262 175 468 503 204 545 698 401 117 356 181 85 720 734 69 203 117 86 578 98 202 687 728 66 131 756 688 290 46 276 177 27 174 369 678 733 709 115 225 33 88 642 416 542 750 596 112 96 153 420 80 
790 248 356 567 106 316 660 504 151 169 243 548 534 63 309 113 409 186 309 570 412 279 13 198 793 601 133 494 59 266 456 377 405 613 733 715 147 372 20 158 689 309 191 718 427 99 451 220 277 658 719 747 684 282 717 175 652 216 470 455 484 338 491 712 
455 89 705 636 324 20 541 106 600 762 224 760 706 32 164 559 248 180 392 702 440 777 41 737 769 341 594 771 515 695 628 162 84 668 185 754 389 163 662 645 52 192 576 777 355 735 288 338 297 650 105 474 424 428 649 390 223 694 479 107 576 385 76 625 
100 214 173 22 542 395 168 118 174 367 196 266 375 168 702 238 402 698 185 296 260 554 278 549 462 228 389 358 676 314 155 604 480 558 228 623 631 626 282 645 460 558 598 385 580 642 295 586 602 493 321 463 20 493 504 39 630 231 717 413 437 137 488 651 
430 206 135 230 120 322 469 27 439 774 382 57 467 791 194 591 73 138 393 631 128 635 246 467 671 198 575 22 732 661 507 295 792 28 765 482 457 33 32 639 472 159 708 727 685 333 504 36 519 475 568 584 688 93 729 113 529 523 66 699 482 615 254 407 
100 0 751 43 338 663 453 537 149 193 591 741 728 173 401 81 444 614 406 203 653 730 584 73 244 572 287 52 589 615 406 707 796 4 548 73 508 238 681 690 632 660 39 202 574 735 500 702 688 436 525 327 61 764 652 388 560 482 189 615 7 29 686 756 
582 719 101 229 493 268 278 305 776 415 181 142 549 298 393 84 651 525 98 260 393 265 781 105 781 389 581 318 503 176 619 497 492 264 345 358 303 315 212 542 237 780 641 57 663 760 345 90 470 601 224 299 154 522 690 289 179 237 62 352 260 234 312 514 
629 760 10 372 328 97 522 34 302 481 562 468 475 271 364 729 311 319 524 35 790 615 675 211 395 1 625 406 312 561 603 239 393 167 477 344 578 551 225 260 661 583 81 295 89 536 425 119 439 73 113 20 103 104 105 391 763 266 518 359 506 238 476 513 
