48 6000000
34 235 398 447 238 567 571 168 264 549 275 258 486 229 334 109 511 250 539 577 336 99 590 522 201 47 310 106 489 174 321 367 311 253 537 358 491 410 203 424 364 74 308 21 228 512 319 374 
457 534 302 15 540 168 501 564 135 55 181 323 83 308 359 179 120 542 174 43 297 549 195 287 278 584 27 238 451 284 244 79 498 173 272 181 325 394 489 177 526 356 277 95 26 312 292 283 
363 78 568 462 30 208 131 59 261 462 240 351 37 473 291 401 74 80 2 318 193 392 392 463 350 118 216 191 304 258 239 576 314 276 29 470 187 498 341 118 504 262 242 191 576 257 420 554 
185 236 164 327 361 1 293 377 280 213 540 242 52 497 561 233 340 57 61 515 145 317 422 119 265 206 490 119 46 99 97 236 567 532 325 138 198 310 278 412 554 217 417 40 285 38 193 206 
240 142 425 509 558 447 353 199 263 423 295 326 238 550 591 359 389 255 574 478 118 463 76 442 109 306 136 2 437 10 480 592 216 321 105 293 404 425 580 469 554 441 594 292 24 547 417 338 
281 532 455 299 155 524 22 218 218 463 81 279 523 59 102 166 267 290 540 466 169 474 359 553 258 60 578 66 60 82 260 205 76 460 439 50 188 141 92 436 247 305 187 311 39 17 186 448 
425 579 131 356 95 36 19 420 191 183 0 319 153 531 451 104 239 471 86 337 80 17 272 473 334 320 486 570 265 174 492 302 386 322 333 555 269 109 400 516 273 516 99 587 521 357 588 388 
432 533 349 171 377 441 416 280 509 532 564 489 297 168 598 41 246 457 27 480 490 406 509 68 552 65 276 198 204 377 415 87 585 54 68 245 174 357 524 521 374 500 562 27 511 193 277 184 
133 158 316 347 448 399 234 577 412 279 451 345 584 296 13 516 57 105 578 489 79 325 333 405 391 290 219 273 299 295 420 164 576 33 329 394 142 208 169 293 333 438 39 579 494 599 574 192 
543 135 0 526 452 529 458 218 362 100 157 577 5 339 585 123 565 364 450 559 156 408 175 575 227 93 409 517 454 65 161 285 269 424 149 237 533 136 285 595 446 267 592 318 53 412 572 319 
325 134 422 105 322 329 31 591 543 366 488 29 192 557 79 138 258 556 362 69 514 67 307 477 139 63 365 365 348 52 558 520 17 262 510 393 88 217 447 262 423 15 597 157 293 154 439 40 
134 387 534 494 299 131 526 218 169 599 172 224 80 585 591 468 527 237 241 541 550 41 247 411 13 569 375 165 451 161 394 526 153 140 18 480 376 221 582 553 96 221 532 22 419 156 494 21 
513 419 592 199 21 321 392 310 551 556 23 443 212 498 72 308 371 177 158 124 17 420 395 491 344 175 494 415 19 597 196 115 461 335 138 511 163 232 186 312 351 343 533 249 438 341 304 242 
372 392 553 281 239 295 315 23 305 550 89 556 250 460 136 460 525 19 240 147 185 568 4 376 116 204 48 199 371 18 498 465 412 122 260 207 512 197 513 181 235 466 46 260 294 280 259 282 
56 5 50 342 248 175 231 342 485 409 176 467 338 408 303 256 508 503 462 479 485 103 387 445 191 515 180 199 521 219 148 484 6 366 479 589 126 254 58 395 100 303 46 463 146 449 343 208 
10 406 96 208 159 37 586 272 259 592 132 277 178 251 364 379 390 342 95 410 509 525 118 597 496 198 42 218 53 91 513 287 335 176 593 562 581 247 61 429 560 594 102 327 529 441 507 126 
194 413 155 123 171 60 82 23 9 310 275 429 530 111 582 111 164 526 306 374 382 333 36 364 47 90 209 341 558 573 416 93 97 91 443 443 234 186 231 158 375 526 178 519 1 132 230 472 
279 38 179 203 76 446 449 334 470 118 533 237 257 150 540 64 579 359 62 71 1 249 485 532 362 368 111 72 202 372 71 472 26 296 147 169 158 227 370 474 247 382 380 1 474 62 134 32 
120 74 477 81 560 47 539 320 434 594 353 400 85 29 36 161 484 526 435 457 3 100 583 200 593 396 539 240 201 587 495 468 233 124 344 0 310 301 426 475 527 533 312 480 386 288 19 299 
596 183 258 74 541 345 41 337 491 38 565 562 582 118 390 21 292 5 270 21 405 114 457 395 569 385 150 279 489 157 565 324 540 330 457 396 379 594 143 388 487 525 64 232 209 175 164 218 
442 45 359 495 44 112 449 58 425 349 120 430 227 28 249 254 291 464 495 519 509 198 323 201 596 345 268 513 522 390 168 531 123 11 404 270 443 541 89 16 357 299 400 156 382 13 464 448 
225 489 261 108 203 494 426 104 226 386 202 526 546 154 28 544 512 273 21 522 266 498 178 467 159 473 294 545 251 311 169 315 246 540 66 186 518 43 270 402 425 8 146 421 583 476 573 186 
279 269 217 556 194 367 420 525 525 552 458 445 83 107 501 302 330 427 279 2 92 586 47 310 433 506 203 280 91 516 245 96 298 408 489 435 521 20 526 110 481 448 75 433 436 473 203 41 
445 324 260 570 278 590 189 357 394 314 534 343 404 258 124 58 271 537 61 288 560 481 448 588 417 345 553 548 192 401 524 204 263 448 392 164 244 38 302 214 116 166 426 176 444 102 97 105 
304 138 107 401 303 93 516 305 159 562 589 486 341 35 224 512 88 415 284 488 111 433 333 265 503 335 288 13 41 304 525 107 164 161 102 160 95 154 327 117 530 492 271 143 61 206 334 292 
352 345 431 268 445 232 504 406 363 260 487 110 117 335 112 419 387 495 36 173 126 14 92 158 449 127 110 544 543 499 559 320 592 494 226 234 328 379 544 278 433 255 112 185 335 492 297 70 
436 100 462 414 438 42 257 542 206 331 211 337 427 450 378 149 6 189 412 170 158 570 52 464 183 534 147 24 343 55 32 238 81 336 187 517 86 93 214 524 352 168 365 32 368 419 112 178 
91 191 126 58 185 589 340 228 183 482 527 498 5 424 174 506 553 67 244 178 141 481 156 441 407 542 557 439 40 446 456 48 16 468 32 140 136 171 58 379 199 451 84 48 1 87 155 475 
212 92 520 219 325 132 91 508 387 324 594 357 394 331 43 245 371 388 577 24 90 205 164 268 401 1 204 137 259 115 478 88 258 52 264 194 109 463 594 413 244 91 109 219 102 521 417 403 
390 190 505 36 209 235 386 327 251 492 197 261 323 469 224 97 452 51 211 414 477 74 449 228 59 187 590 111 548 121 225 33 32 484 282 10 268 221 501 597 351 51 263 172 553 597 512 70 
584 1 458 56 228 557 18 2 446 396 484 324 333 219 59 288 257 212 97 497 395 579 484 533 364 215 563 191 189 363 535 384 151 414 557 487 316 551 266 126 118 501 96 103 439 559 17 303 
24 391 433 82 62 244 225 399 586 352 344 525 391 319 229 462 209 41 347 139 205 354 100 272 355 424 17 522 499 468 200 254 591 5 24 43 293 137 449 571 377 102 479 150 232 272 1 536 
551 500 364 4 541 444 134 321 302 355 200 588 594 564 491 198 381 342 334 487 528 435 558 106 232 441 232 99 566 80 499 119 31 581 466 171 389 190 488 536 101 391 188 29 554 581 272 301 
250 193 348 515 287 295 560 203 313 448 258 267 299 421 581 34 539 277 99 519 461 480 227 285 530 260 414 574 157 440 39 246 254 152 210 89 275 536 239 239 444 172 534 246 581 128 76 481 
161 315 567 161 253 121 319 289 227 330 302 510 497 285 257 286 345 481 119 568 442 221 449 69 15 533 395 21 518 384 355 109 19 497 367 399 542 275 75 507 170 504 163 453 120 307 102 559 
44 517 468 336 125 573 489 261 115 51 202 471 260 63 295 173 432 389 218 435 518 20 344 179 30 223 37 116 416 324 53 576 101 59 368 474 309 97 29 295 336 518 370 372 273 387 451 9 
416 296 297 597 327 557 85 90 111 32 22 434 595 334 502 329 333 285 228 557 24 521 182 92 31 29 308 461 308 133 45 34 354 194 372 539 55 174 163 535 285 240 131 511 312 194 11 523 
493 201 143 89 320 525 131 555 286 50 80 201 61 333 245 134 296 59 34 79 144 343 17 122 87 466 247 539 407 408 50 269 459 288 266 535 60 309 36 164 54 147 541 552 548 171 60 352 
225 275 132 297 416 455 160 203 287 229 400 311 136 272 163 263 280 562 109 286 491 24 67 144 488 25 204 2 96 351 170 333 253 489 505 31 41 360 48 75 485 384 582 378 35 465 135 306 
269 575 439 198 175 143 261 30 370 124 404 432 251 560 62 71 292 390 450 451 106 320 440 113 215 356 10 485 256 421 357 349 73 15 280 320 423 26 69 302 182 187 502 553 509 343 201 269 
423 170 286 388 579 456 537 438 574 441 220 207 103 258 31 184 299 409 418 162 595 417 145 121 107 96 417 438 444 397 555 543 252 253 294 131 212 471 50 544 562 239 443 480 392 417 394 84 
61 151 122 463 499 484 417 422 593 1 590 318 81 303 266 390 292 271 306 535 237 527 228 546 507 182 567 368 123 457 528 64 534 71 427 124 159 274 590 221 415 519 452 489 28 432 289 113 
583 455 17 544 70 598 526 161 306 277 402 296 545 356 489 20 390 73 483 571 551 196 8 78 591 410 228 439 142 271 246 497 134 110 108 38 543 54 545 423 253 29 449 519 488 448 436 56 
405 527 138 563 427 107 422 66 328 97 198 89 261 363 138 268 383 109 154 218 168 341 221 75 310 86 303 349 65 151 74 525 51 40 593 85 595 316 89 464 570 278 465 214 306 237 68 436 
36 25 20 451 209 499 465 5 467 592 210 499 341 535 411 322 32 123 376 479 239 490 544 137 125 583 358 358 550 573 284 417 131 405 225 130 578 586 533 382 150 67 378 272 290 593 566 488 
252 257 102 523 232 12 292 556 1 317 596 554 8 475 76 473 38 32 50 141 300 512 483 380 381 262 472 468 442 236 227 6 47 58 211 585 188 385 13 537 407 216 20 201 215 294 402 246 
492 457 399 470 85 7 48 162 186 203 580 248 204 162 196 508 585 14 273 127 76 66 162 576 477 224 565 155 157 8 198 223 93 1 63 61 359 221 39 189 52 248 245 267 536 89 542 2 
203 12 238 343 81 599 99 82 252 516 488 137 465 143 441 133 376 256 426 184 328 91 69 111 499 294 540 509 309 386 379 441 595 582 154 553 98 480 162 470 37 341 37 393 187 212 315 551 
