120 400000000
15 3 382 327 176 205 361 203 329 16 136 202 342 199 182 309 374 57 130 47 43 8 290 100 23 152 251 282 164 340 15 295 274 382 7 387 86 101 369 383 256 396 267 214 94 25 177 259 64 283 371 275 76 0 186 268 115 245 124 207 275 31 318 202 382 90 362 160 123 336 146 157 44 236 371 85 352 80 397 300 137 260 114 76 48 303 189 354 231 250 373 121 160 323 226 172 349 64 336 102 104 246 129 268 323 264 360 301 34 323 51 137 40 362 120 128 111 125 36 76 
396 255 399 18 322 296 260 309 166 56 224 316 179 110 281 84 143 392 385 200 29 188 202 33 5 22 221 393 113 178 150 388 249 332 274 241 65 230 395 205 337 74 67 250 229 273 256 206 134 52 39 62 90 241 108 380 279 223 24 238 302 341 348 370 309 41 277 207 357 181 0 253 150 78 304 264 103 119 62 225 210 131 257 341 31 187 78 34 360 335 145 248 158 0 301 92 250 61 96 147 198 300 331 236 77 348 224 127 79 232 204 229 298 334 344 311 374 65 250 44 
191 349 306 45 393 41 274 124 223 257 124 101 156 84 371 35 270 251 251 21 39 268 306 67 310 189 83 284 165 221 152 385 100 240 32 72 55 121 18 297 332 349 65 125 95 293 224 57 65 340 216 309 390 218 151 49 238 72 363 218 54 133 368 298 96 305 166 206 384 168 182 236 393 9 326 148 247 391 155 70 46 287 127 292 243 11 244 250 26 183 280 219 288 354 105 14 105 360 346 345 125 77 198 124 174 60 292 81 109 81 284 306 77 52 266 156 376 247 16 99 
130 273 369 166 379 301 363 261 200 140 324 160 20 50 393 145 355 384 18 44 343 269 154 390 311 346 286 228 28 326 388 262 190 48 174 388 239 331 31 231 5 135 61 235 174 221 215 339 336 43 169 270 143 225 302 9 242 171 182 149 7 384 8 58 230 298 249 156 180 71 125 173 25 319 253 99 196 263 74 379 397 22 17 302 203 198 352 179 151 109 23 134 17 364 307 376 354 168 215 86 210 215 12 366 282 189 107 223 124 152 232 96 66 393 273 196 117 100 86 141 
367 233 188 79 98 244 381 358 282 321 243 138 305 197 357 50 146 25 304 327 128 168 377 283 55 11 290 153 339 115 347 302 0 167 91 392 386 302 79 14 151 143 35 385 73 119 175 130 167 363 131 340 279 158 390 226 325 22 395 148 31 362 229 126 180 190 125 58 186 323 209 312 143 136 239 178 354 118 147 133 83 90 381 269 344 276 6 79 18 256 356 173 80 66 157 342 146 200 121 108 96 27 170 282 27 325 176 214 20 169 168 19 109 48 325 234 93 208 386 218 
360 130 247 29 141 387 74 205 257 315 183 215 285 237 83 350 388 286 110 195 376 186 199 341 77 163 4 131 125 379 114 281 189 212 250 395 368 389 149 299 155 304 161 65 185 178 196 204 320 315 240 212 356 15 120 145 202 284 2 369 272 285 397 70 331 62 53 95 48 368 277 169 327 191 204 324 365 83 244 122 73 164 111 190 34 273 2 210 382 243 310 203 334 189 300 281 88 119 289 97 133 364 307 221 45 288 243 168 351 214 219 82 310 32 338 139 40 216 109 269 
96 95 25 298 271 293 214 136 350 280 358 250 39 112 214 226 197 90 12 83 9 275 210 156 143 376 146 177 112 300 227 60 72 346 18 261 283 299 52 221 20 329 107 209 318 357 263 109 119 215 351 335 66 372 257 142 331 340 134 171 112 21 265 38 222 122 170 148 362 248 285 383 82 34 120 15 51 211 110 232 363 397 213 68 17 79 159 34 52 252 7 126 274 138 26 196 171 136 232 191 36 52 106 263 272 283 391 379 252 354 2 346 329 261 86 168 256 110 373 287 
65 360 77 132 61 388 268 12 261 188 165 335 98 22 67 396 38 220 350 29 34 106 108 331 234 183 233 5 342 311 378 286 378 399 63 53 169 107 39 136 149 30 104 235 106 376 79 214 380 236 373 333 77 354 291 196 276 90 327 322 331 99 247 373 279 59 293 199 61 167 180 272 275 133 90 59 85 32 7 77 378 116 373 244 326 355 0 12 304 232 311 8 183 297 276 159 176 178 136 292 163 112 187 186 296 58 307 184 124 247 242 170 264 60 5 121 291 5 378 44 
279 279 274 30 50 163 248 241 158 253 368 163 2 285 115 176 282 149 74 201 245 181 297 276 350 188 398 68 14 368 26 250 15 384 240 268 356 23 139 117 391 163 69 93 339 71 341 266 19 238 24 310 202 194 211 340 197 76 56 270 269 44 200 288 306 155 344 378 389 174 86 178 164 78 62 200 60 22 200 206 9 77 260 392 50 85 281 96 115 115 154 254 298 368 379 38 262 255 226 97 365 384 177 176 78 148 179 222 358 258 53 278 6 170 295 70 4 392 259 114 
97 154 109 60 108 149 203 210 309 198 135 104 372 357 195 24 283 350 189 103 89 307 83 90 241 140 344 280 186 17 88 322 120 393 280 272 235 132 33 14 54 150 127 391 259 196 245 65 213 276 340 266 173 160 363 144 130 332 304 71 43 169 368 6 270 152 100 355 383 259 357 145 289 200 97 359 176 215 190 67 114 238 15 47 331 51 293 306 304 178 39 266 159 392 293 120 125 271 73 380 223 282 383 36 286 356 150 159 372 324 183 231 220 372 374 190 281 146 392 167 
213 326 356 169 382 101 76 176 236 342 46 100 389 387 245 142 164 210 230 248 360 340 168 148 73 93 19 256 209 118 108 216 184 16 304 28 192 314 224 244 242 244 139 146 185 228 2 247 365 41 120 328 355 15 248 338 307 178 188 12 297 39 11 300 129 167 370 204 301 317 166 30 297 210 281 126 241 166 300 199 273 18 180 185 300 204 112 186 161 283 297 106 363 220 26 331 376 292 19 368 221 167 25 261 136 360 240 160 22 129 347 71 54 294 243 210 109 133 311 34 
299 288 35 130 254 175 340 13 133 287 250 1 296 192 111 98 343 30 391 113 128 349 73 366 229 139 349 44 189 96 118 357 361 57 98 189 218 86 159 347 161 368 144 165 103 287 224 124 318 347 119 392 87 226 363 149 262 281 345 334 83 326 164 184 371 77 221 99 166 74 83 28 98 335 317 198 48 254 294 155 309 57 311 222 164 199 396 242 337 266 352 176 233 223 170 213 337 86 316 282 12 163 169 344 369 147 360 252 140 227 198 231 148 222 0 265 285 277 273 303 
383 324 233 75 246 227 79 67 347 106 168 348 67 8 297 280 247 310 137 253 20 247 282 393 83 227 90 99 44 68 21 212 214 176 189 149 162 41 396 330 73 50 169 176 371 211 202 115 250 254 25 243 190 354 74 104 74 112 60 116 199 156 254 311 160 326 163 361 149 314 313 147 36 181 183 31 36 266 117 289 84 228 368 6 324 364 398 125 2 364 30 210 376 357 212 306 131 334 340 284 247 191 381 261 370 253 185 47 334 310 289 107 299 31 21 204 157 188 397 142 
225 97 394 231 133 390 128 29 153 208 344 104 193 254 273 73 28 32 87 378 74 15 231 328 233 153 177 79 224 348 175 341 320 373 117 266 24 281 90 174 137 147 6 116 185 191 220 213 43 311 10 120 126 157 174 80 133 200 108 151 327 130 125 298 312 177 42 84 40 20 41 31 138 337 167 264 360 28 247 307 165 266 218 112 195 279 111 316 166 101 253 314 233 327 399 19 207 77 351 364 333 272 86 183 134 80 370 365 183 219 297 75 292 193 110 138 386 262 322 115 
214 136 364 146 174 66 172 106 63 129 332 362 223 36 216 143 244 201 304 218 252 165 43 131 238 276 398 94 65 227 78 221 140 105 130 134 382 45 141 87 319 244 250 215 262 282 216 350 108 243 296 199 32 130 277 85 333 250 132 357 170 291 44 339 224 96 151 207 353 398 329 384 358 351 241 169 234 248 61 204 246 136 115 29 220 282 350 8 56 204 134 246 99 113 3 299 394 148 130 243 383 63 249 351 222 266 248 250 323 343 48 338 394 30 169 339 343 229 239 133 
135 82 204 89 54 388 236 63 226 255 348 365 0 278 340 267 94 157 391 162 377 47 169 6 304 62 241 305 264 10 175 387 210 212 47 231 330 243 174 119 16 295 156 2 332 155 163 141 174 80 264 184 244 40 367 98 144 320 19 352 41 338 215 58 177 74 342 390 326 247 210 218 237 100 315 300 140 40 302 108 214 11 64 276 205 42 315 126 162 348 137 343 369 230 206 163 108 139 43 369 372 136 127 336 47 192 161 82 278 52 300 32 78 309 266 142 202 172 4 97 
159 74 296 158 136 299 221 180 27 161 243 173 395 382 30 81 319 242 133 12 307 6 390 305 14 23 316 367 84 55 323 51 13 81 379 285 134 204 219 151 374 146 376 292 323 97 151 86 342 209 47 339 316 327 195 216 286 89 270 174 260 387 111 316 358 170 168 93 19 368 321 276 69 359 386 125 84 56 209 214 186 70 361 350 391 175 364 380 375 227 57 339 304 232 369 357 368 397 23 293 311 350 103 50 16 343 121 385 134 13 117 89 373 25 136 181 158 310 168 5 
271 45 181 343 194 222 321 357 309 370 113 110 266 15 164 297 368 268 35 358 65 182 10 296 237 258 311 177 200 99 336 332 255 302 281 81 1 28 214 68 187 17 78 111 68 331 129 337 59 188 363 215 301 188 313 282 364 40 363 265 268 143 155 392 320 79 46 393 164 92 184 266 396 385 133 144 269 266 213 51 74 208 39 265 131 86 377 55 153 197 79 277 84 115 66 114 104 345 331 264 325 20 129 192 79 75 335 233 254 227 89 214 278 224 176 166 41 142 275 120 
219 271 217 61 295 389 173 352 1 49 201 388 219 29 166 46 123 344 211 115 205 192 84 194 53 148 93 85 120 250 207 372 396 127 177 346 317 141 99 92 81 34 32 8 14 399 242 154 170 93 234 37 372 39 255 224 97 212 214 270 153 147 260 371 163 349 33 131 366 21 93 13 2 259 167 41 182 17 187 110 275 21 11 359 233 17 210 231 257 135 277 378 290 369 347 205 216 272 366 1 354 211 194 220 267 203 326 385 155 204 393 129 174 7 31 50 70 246 84 367 
93 358 320 80 317 124 171 123 67 354 130 379 161 369 267 384 227 163 6 215 133 89 309 92 19 250 317 61 161 45 269 16 348 105 223 120 49 155 125 68 76 105 357 105 99 181 64 65 388 195 175 51 316 398 375 373 346 103 271 384 84 112 215 355 120 24 11 27 133 376 328 113 187 222 15 195 144 375 296 392 165 35 8 190 201 163 86 375 108 38 362 324 182 69 295 223 280 11 11 303 19 137 21 56 25 153 246 242 241 81 299 380 126 42 154 143 50 386 362 295 
367 383 40 32 30 85 40 221 388 185 329 31 18 359 203 227 396 33 37 285 396 233 66 245 119 162 204 63 160 337 317 159 108 249 193 268 70 360 336 276 84 252 138 336 74 362 131 282 125 352 210 108 250 201 213 363 8 225 23 148 60 394 149 86 396 302 349 304 277 197 295 12 256 234 360 124 67 41 85 372 117 220 134 40 212 55 347 39 42 48 115 344 108 163 218 324 341 260 210 293 387 374 54 45 177 44 251 10 5 158 168 41 58 30 280 88 384 140 333 336 
115 39 391 339 298 228 341 386 240 228 187 130 8 97 373 256 365 313 379 291 264 111 277 97 54 398 161 68 72 367 290 382 204 317 171 299 188 39 157 7 6 198 30 288 140 383 235 252 157 91 14 302 84 37 195 309 223 292 232 277 179 218 67 298 205 364 185 202 268 51 299 219 30 81 195 85 24 248 113 169 106 248 239 131 273 40 299 107 399 199 86 290 72 179 232 267 95 74 262 40 129 351 119 87 255 143 84 188 290 212 206 304 42 10 308 170 104 96 356 350 
332 129 194 259 289 3 312 202 328 32 13 43 323 100 296 130 307 166 198 266 275 331 171 216 119 150 214 28 79 116 23 323 288 8 197 81 261 50 91 205 82 6 20 29 73 362 167 132 225 255 388 377 212 132 351 57 199 167 28 256 335 14 316 276 50 149 279 131 188 248 11 14 243 356 3 117 365 169 59 5 65 34 3 16 363 344 19 76 164 244 158 350 177 308 138 216 314 320 63 129 366 61 269 356 53 353 195 380 150 24 221 190 267 279 174 359 162 367 335 248 
308 148 22 319 171 319 186 216 160 240 181 307 195 88 124 88 31 230 332 328 380 33 229 54 215 21 235 327 271 369 250 213 113 304 378 314 151 71 147 139 348 319 339 210 3 34 285 129 281 236 357 388 103 170 314 262 381 278 226 87 220 390 204 268 306 321 354 167 283 291 30 313 22 147 46 389 150 275 27 391 186 72 22 197 272 316 164 37 149 16 332 47 367 37 366 276 95 124 327 287 33 108 370 394 278 37 225 213 132 51 76 83 316 293 89 101 29 382 28 363 
87 60 177 295 242 55 392 389 272 268 272 393 96 59 360 231 388 157 2 56 342 10 184 107 54 10 387 395 391 58 42 224 43 386 56 200 268 228 162 359 381 215 279 285 304 310 248 103 345 291 377 376 2 335 393 330 32 14 127 15 71 230 165 93 186 89 74 106 5 4 146 99 142 391 305 339 217 101 73 115 219 78 127 141 305 380 36 373 99 122 19 378 243 188 118 9 394 219 110 99 309 207 307 80 363 2 120 244 163 210 131 369 3 343 332 125 76 199 371 294 
149 102 87 275 20 194 341 268 164 110 317 317 36 60 363 71 364 209 100 231 102 148 79 59 298 135 183 290 233 153 46 340 63 42 260 82 179 113 168 399 209 251 255 271 106 357 259 335 250 59 61 213 26 98 261 313 326 179 9 68 66 201 365 87 201 382 306 80 327 208 90 121 55 250 123 385 175 128 194 160 139 122 89 277 359 277 44 177 289 166 281 137 94 113 23 40 44 281 136 196 103 121 385 18 16 34 329 28 27 6 224 2 200 148 51 159 357 277 189 269 
338 231 144 123 68 87 340 334 46 388 367 6 381 290 294 35 147 221 322 311 182 62 167 206 250 147 17 235 44 185 80 196 272 397 117 130 142 196 61 161 152 104 190 159 0 292 144 275 24 241 158 363 57 338 92 315 87 76 300 66 373 235 188 95 341 177 225 36 99 16 218 346 19 346 238 118 264 39 56 74 70 183 132 382 266 40 298 65 361 218 283 283 198 353 281 229 344 235 268 267 219 323 338 304 86 389 182 291 141 147 37 161 327 87 381 218 195 250 103 153 
102 372 294 334 104 308 112 158 161 355 221 126 318 133 334 315 40 160 303 62 167 303 256 190 114 249 384 199 154 382 219 73 24 289 167 244 244 140 361 3 88 305 365 230 276 61 213 20 387 2 289 96 110 197 304 348 335 212 358 59 25 188 47 348 54 42 340 148 1 353 331 346 37 76 19 169 373 196 240 386 14 116 99 368 202 219 30 48 278 145 263 48 86 126 379 23 104 392 197 294 390 27 383 398 0 45 216 49 121 194 166 109 289 222 302 231 243 266 306 196 
143 201 362 94 315 186 230 212 134 80 227 275 93 273 300 196 289 140 323 54 328 383 304 350 228 56 41 315 65 234 195 63 114 386 232 299 223 330 41 218 152 77 389 194 125 108 59 342 128 113 317 143 107 227 22 91 367 345 333 198 28 194 250 345 392 324 184 49 218 324 107 178 150 197 325 331 398 20 292 395 326 132 317 388 296 389 79 351 186 267 65 0 365 316 350 203 359 297 307 103 339 1 53 83 168 146 8 182 23 65 286 379 137 284 348 173 73 143 260 335 
317 52 238 288 202 142 296 188 344 167 64 70 164 232 255 325 326 250 24 284 146 235 257 79 2 115 242 227 340 391 268 149 240 253 156 302 365 81 79 117 228 23 56 133 228 227 48 320 232 118 365 20 342 25 342 174 74 383 70 157 339 310 272 24 251 174 98 2 348 349 284 364 241 2 226 252 139 360 160 317 38 381 31 151 187 68 37 336 23 137 81 179 172 147 23 320 262 270 248 84 209 329 183 235 393 93 359 3 66 48 41 387 313 25 324 316 122 101 325 302 
3 280 394 158 345 216 202 326 234 55 168 29 371 175 7 297 210 211 79 371 111 339 96 234 343 352 231 299 153 193 383 303 181 166 138 133 224 235 112 225 141 191 391 293 57 277 276 111 70 218 17 19 11 153 128 123 393 220 302 28 385 355 379 395 372 201 217 224 11 261 146 361 9 95 128 242 157 228 39 164 396 300 246 156 30 281 254 77 216 338 65 312 58 98 336 299 10 283 302 295 241 350 56 7 244 303 57 190 22 292 328 208 28 127 245 132 305 349 325 216 
106 269 26 134 141 101 134 230 78 321 113 355 378 398 281 162 72 39 234 128 140 333 207 188 190 156 135 149 330 187 107 389 281 164 190 190 368 117 214 196 104 118 107 123 254 269 254 290 27 78 92 257 231 22 322 143 186 362 275 247 307 92 296 139 268 158 376 89 77 266 104 301 336 129 148 200 165 162 366 48 167 317 198 392 143 265 252 209 104 179 2 112 162 136 309 370 347 340 141 350 298 140 323 378 334 25 307 225 375 150 194 355 195 173 66 157 60 236 291 282 
112 221 92 346 161 22 90 115 45 287 152 37 1 130 16 354 10 200 65 254 44 305 146 355 327 211 213 120 166 248 31 19 330 225 24 124 295 160 270 133 172 292 111 327 249 102 118 286 188 100 5 55 301 139 213 57 299 122 298 66 373 117 186 307 158 247 158 335 91 60 106 48 319 206 298 171 137 222 318 20 380 389 392 69 304 364 147 331 327 249 54 386 162 58 89 227 212 263 24 378 375 339 277 108 30 195 34 137 299 227 368 303 275 357 290 287 46 395 325 276 
243 119 388 384 179 129 71 153 292 169 91 197 274 381 56 194 225 317 47 265 294 189 339 308 279 107 42 141 16 321 115 281 263 45 282 277 370 352 249 255 311 180 242 217 308 274 139 377 112 178 104 180 82 83 95 269 113 398 296 312 172 262 4 4 283 131 288 24 341 224 266 301 99 97 291 205 101 41 309 394 212 139 246 145 359 191 158 81 186 375 341 87 268 114 209 156 215 97 271 97 38 41 288 313 370 344 102 137 141 43 142 203 195 79 288 41 381 327 37 168 
312 270 377 2 326 269 33 249 388 351 399 313 235 3 3 349 282 161 372 373 148 145 175 166 246 136 223 355 140 276 271 251 165 267 172 338 132 127 173 356 312 52 215 167 206 213 28 225 181 276 245 282 210 144 96 35 134 28 379 87 93 94 49 241 327 5 36 350 205 223 349 308 12 313 272 99 390 312 67 315 26 136 368 175 176 115 88 89 9 197 27 349 262 205 390 146 232 342 124 174 296 230 136 33 265 71 225 294 58 244 47 229 256 278 29 44 132 161 256 336 
105 200 279 334 0 104 100 70 63 20 394 59 255 220 102 388 293 243 275 279 116 289 89 166 97 87 294 394 359 193 64 112 236 352 121 241 164 25 211 278 84 72 246 396 265 73 241 356 170 136 125 30 299 295 136 87 20 304 129 304 274 156 63 17 300 20 278 350 168 198 12 361 143 346 153 121 206 36 30 249 351 77 392 131 343 382 21 383 49 156 214 134 123 234 197 44 175 155 153 286 102 264 183 376 136 81 299 250 294 327 280 108 139 377 60 79 80 237 103 38 
352 290 334 21 220 211 171 281 159 30 215 152 180 294 91 170 7 167 35 376 105 232 85 36 56 69 192 185 46 189 263 132 249 105 80 180 43 111 73 174 195 6 251 228 252 234 65 119 116 178 26 202 287 176 333 393 269 73 189 266 138 198 141 306 276 122 53 139 370 357 54 37 275 24 347 75 133 330 256 295 375 379 375 313 49 151 201 339 162 61 26 121 122 96 0 263 217 13 325 35 312 46 155 341 375 255 31 260 102 0 305 67 8 186 291 235 133 389 193 27 
303 56 320 126 359 50 25 268 305 138 375 19 245 242 303 119 87 146 176 167 41 194 12 162 255 166 294 106 116 321 332 104 140 372 294 369 345 102 95 344 354 8 228 19 240 313 123 34 251 104 390 189 261 104 232 301 309 377 39 46 71 84 370 147 305 71 213 315 345 322 379 179 229 257 243 140 307 331 358 206 155 186 392 396 306 156 45 170 304 361 95 13 4 150 13 291 310 74 149 307 381 223 68 21 179 267 125 132 85 335 377 323 271 304 175 207 184 212 325 115 
298 111 165 49 21 63 258 336 19 117 13 369 15 85 179 247 162 47 314 293 111 271 140 330 288 354 2 347 207 138 197 176 393 211 129 306 192 135 396 274 177 223 325 334 6 60 352 128 92 53 129 263 23 17 198 266 4 55 282 90 47 68 280 55 375 61 45 278 255 214 369 162 342 338 311 145 41 299 18 264 327 196 394 193 22 126 224 235 340 376 127 387 144 75 51 82 378 116 303 7 345 51 249 215 59 324 72 194 146 395 97 215 13 342 174 379 212 350 17 102 
297 110 360 30 139 134 177 249 220 50 175 380 229 103 29 377 153 366 51 313 8 373 103 70 5 273 309 397 25 344 98 290 89 63 205 164 134 223 248 274 132 125 102 126 141 26 293 289 230 200 93 383 147 62 169 381 343 62 310 0 30 37 282 119 350 67 136 204 266 124 112 7 330 254 268 388 280 116 216 150 380 314 257 27 250 97 258 258 218 133 298 219 121 126 370 238 158 372 126 14 272 86 275 191 278 237 296 118 110 268 63 256 242 187 5 182 135 245 120 143 
168 94 201 262 100 73 258 190 179 280 394 3 286 165 230 195 320 193 50 349 263 188 289 232 335 212 241 295 290 113 227 235 312 176 154 218 261 382 97 79 324 281 161 354 110 385 67 186 320 100 4 255 299 74 343 229 397 142 111 22 193 110 348 399 322 197 197 318 134 359 328 138 153 349 62 67 7 306 194 156 254 12 35 294 82 271 328 191 147 174 196 267 61 180 203 257 15 259 115 138 78 379 350 325 10 12 167 351 144 191 315 193 82 146 298 330 373 387 237 62 
185 335 59 79 142 139 71 332 325 83 364 135 388 321 188 267 319 256 388 93 51 273 52 50 180 366 319 274 362 301 158 379 295 264 329 217 284 107 24 101 301 381 7 108 322 98 153 209 256 80 14 389 391 256 88 70 204 392 330 214 74 231 98 237 309 256 185 386 32 267 56 342 143 280 317 1 239 230 286 33 277 339 237 352 292 212 397 325 195 263 276 318 270 263 258 29 75 160 337 32 128 116 253 390 132 30 37 238 163 36 146 210 22 274 392 100 82 53 76 152 
207 36 37 131 204 86 293 178 289 144 73 285 54 110 287 77 130 133 56 252 214 310 254 77 11 213 120 204 153 154 44 310 314 392 4 76 398 60 20 196 32 328 58 385 280 17 327 132 51 310 397 322 16 242 186 392 348 4 372 237 33 300 181 391 298 360 106 321 106 145 342 27 30 320 60 178 320 69 396 306 253 169 29 73 121 33 109 317 354 214 37 225 210 243 321 116 233 95 14 379 282 108 356 144 260 47 22 394 276 369 375 351 250 5 160 72 249 347 112 4 
195 196 211 399 308 71 326 228 333 132 73 241 277 119 213 346 251 222 161 240 190 159 368 276 32 100 237 199 153 56 346 131 88 359 133 239 383 144 108 303 0 62 34 43 210 280 259 161 41 246 36 333 101 213 270 88 41 188 317 14 47 32 148 340 234 261 179 170 124 54 12 46 185 230 258 97 331 200 227 78 56 172 312 104 145 380 202 387 268 22 295 118 116 218 213 271 79 214 39 391 49 32 302 152 16 100 177 332 55 191 207 280 302 107 228 57 26 107 139 301 
17 10 308 326 177 127 198 218 257 388 134 350 280 215 265 149 141 256 198 147 398 132 383 247 133 10 65 313 344 316 250 255 112 112 235 198 140 375 79 143 279 133 235 104 231 307 213 157 24 2 170 95 72 177 394 20 388 192 375 302 35 293 191 32 321 207 325 303 255 314 55 166 41 323 379 124 88 380 251 393 9 225 180 231 157 44 137 134 386 22 253 98 99 399 177 313 332 96 106 24 64 367 87 37 286 148 385 322 1 345 339 64 24 70 125 163 197 158 164 149 
329 116 268 157 0 162 248 273 313 300 177 89 249 192 390 198 208 256 339 291 284 116 261 379 77 201 140 171 105 111 322 393 368 114 395 374 370 214 333 144 48 57 243 267 17 83 204 224 150 145 137 102 384 243 360 369 128 66 170 184 255 134 11 219 303 7 83 293 306 323 120 94 169 191 151 276 112 241 227 380 168 366 316 3 181 79 132 362 185 169 398 241 288 61 24 306 350 109 91 34 102 160 320 180 61 184 358 79 206 98 145 160 270 190 20 387 387 80 2 382 
337 229 17 158 181 26 145 231 373 282 348 198 87 134 334 57 18 234 23 145 275 126 238 391 144 42 200 93 178 205 218 246 190 192 91 264 4 70 13 97 252 311 94 360 190 221 154 37 289 127 51 228 23 364 275 86 231 202 49 169 298 352 83 233 329 384 227 166 231 201 293 136 252 268 72 176 33 269 362 1 3 365 17 255 290 294 248 295 313 230 230 111 291 383 390 383 395 254 306 48 132 267 240 276 379 208 2 247 10 30 201 116 303 76 106 235 44 258 308 289 
95 213 320 24 261 371 394 33 171 369 47 207 277 179 199 270 98 45 213 116 112 55 333 118 348 70 342 318 157 377 128 172 98 288 263 91 216 84 136 278 192 19 179 282 369 59 242 269 218 41 137 207 58 370 47 32 84 145 156 34 29 34 275 209 184 144 114 176 196 266 183 310 276 42 69 361 239 361 360 217 361 45 150 289 274 133 86 249 334 87 21 127 228 55 70 55 139 59 201 384 306 60 160 249 286 304 62 373 393 310 369 219 105 129 98 272 79 73 123 217 
369 30 216 380 187 398 192 166 161 393 294 34 280 83 347 344 374 347 374 261 358 265 215 378 368 381 40 183 393 325 181 217 183 367 94 193 136 160 378 23 196 100 302 191 255 152 383 171 99 339 228 145 302 28 127 254 360 344 238 155 200 291 45 287 311 273 350 6 309 341 124 369 42 114 108 125 368 353 164 264 111 2 257 321 121 229 228 272 200 315 60 102 52 9 58 166 9 14 353 244 232 341 45 108 77 157 37 294 50 342 244 25 305 142 196 302 143 174 332 151 
56 111 188 383 133 256 117 211 277 236 143 34 171 168 117 305 228 139 20 257 300 17 164 181 290 353 294 207 264 237 175 235 15 329 371 334 355 144 278 384 3 180 271 56 85 229 174 54 39 20 95 327 152 72 95 52 392 145 334 237 13 59 86 132 311 164 235 204 71 353 20 68 220 366 393 30 333 102 237 214 302 386 142 223 269 308 27 223 188 87 181 334 180 255 217 315 327 87 348 352 23 203 280 279 310 370 7 125 109 337 157 230 225 268 314 209 178 29 176 237 
166 362 99 156 390 243 143 279 263 361 382 83 124 213 121 226 106 88 382 284 204 382 68 16 264 89 107 230 177 139 247 103 303 212 63 335 236 173 64 17 367 67 184 43 255 345 192 12 256 103 233 196 242 263 266 379 91 258 152 373 193 182 40 51 317 27 289 381 172 102 38 16 168 173 242 194 390 221 36 302 289 248 77 28 343 67 136 319 162 367 26 38 186 37 106 315 281 120 2 288 288 390 278 92 312 367 21 144 107 9 254 254 51 147 309 28 131 89 358 101 
246 232 344 1 180 386 358 183 284 355 330 288 238 165 123 253 360 289 121 139 212 343 102 326 304 208 327 316 158 226 395 212 397 20 331 287 200 115 131 205 125 116 176 227 208 58 203 172 257 266 53 109 347 158 259 365 223 391 108 165 112 246 271 309 48 284 315 263 236 145 218 231 355 210 221 131 285 206 334 16 361 180 2 62 151 261 365 316 135 111 331 318 210 285 172 334 152 233 335 306 377 35 2 237 344 327 281 135 284 314 397 145 281 229 23 212 128 197 381 218 
114 337 220 336 202 14 232 265 171 225 303 374 311 179 324 21 339 9 283 152 359 356 224 216 42 101 285 25 349 310 395 271 151 22 105 353 305 147 283 174 259 172 37 301 191 343 216 185 203 257 27 109 389 308 206 44 115 302 91 372 152 352 15 4 318 371 87 251 336 194 78 387 374 276 262 335 103 360 165 320 154 119 354 174 158 388 160 277 155 359 122 142 104 106 207 208 303 147 113 390 205 4 360 2 334 223 381 66 265 302 51 115 119 98 344 196 10 378 157 156 
268 183 66 29 341 397 198 299 178 397 333 104 130 97 99 370 66 119 399 96 27 209 12 217 10 252 52 69 193 32 62 280 173 7 282 76 328 50 202 157 127 152 339 379 86 128 52 76 346 354 199 209 39 25 37 170 187 91 175 363 251 108 26 113 38 383 107 336 263 159 291 191 286 333 332 375 384 123 101 295 302 40 203 59 116 29 217 46 195 376 16 62 97 230 298 79 47 151 348 307 11 156 363 104 7 212 16 194 170 376 222 267 310 147 339 88 137 6 222 46 
56 59 384 325 169 264 310 267 336 134 390 364 236 211 103 225 322 117 374 54 219 352 343 193 26 122 344 207 16 108 252 129 147 139 231 392 380 377 389 156 17 246 288 163 67 26 258 80 280 391 327 250 203 187 118 399 258 372 130 313 32 391 332 287 156 242 348 79 35 336 384 155 90 317 275 369 198 379 225 255 111 68 234 55 98 17 262 143 294 186 312 141 129 383 374 337 124 342 199 83 340 182 270 334 35 164 55 125 222 44 335 102 96 66 168 52 376 249 141 377 
206 244 19 275 283 11 81 158 169 32 194 75 169 291 376 160 180 227 307 287 68 70 34 59 164 90 137 105 341 396 115 212 82 10 314 275 102 308 150 190 397 264 210 207 56 207 325 358 5 193 15 256 191 240 130 200 225 164 292 318 97 370 370 56 123 67 70 150 362 242 332 202 158 70 370 376 43 145 62 218 335 344 308 343 182 244 152 293 273 168 289 380 148 323 143 45 47 152 303 147 368 221 204 57 22 306 200 189 361 226 91 355 248 206 186 236 131 168 92 328 
251 365 361 218 294 7 69 76 23 258 332 131 126 317 397 147 172 179 268 166 346 171 371 345 234 332 24 104 93 373 357 363 182 172 148 208 304 278 201 140 332 391 85 172 173 9 72 193 40 50 119 235 197 369 286 165 267 58 71 226 156 291 188 149 108 61 361 71 8 263 54 357 372 15 132 24 182 379 341 74 273 199 368 341 148 351 245 46 5 272 15 194 104 186 40 63 52 56 321 102 7 259 130 144 393 116 382 351 319 377 43 166 305 394 241 203 30 380 80 284 
318 85 87 240 57 161 34 80 150 133 324 246 198 98 357 308 290 60 286 391 354 124 307 141 111 354 399 86 107 255 214 136 128 226 55 149 167 322 209 0 58 155 201 221 11 348 152 121 7 305 233 234 53 12 20 232 323 121 116 365 339 49 192 120 370 112 200 376 282 211 398 119 312 308 296 229 208 249 291 215 239 25 58 208 82 32 327 398 149 85 104 296 159 202 54 151 364 277 306 226 218 173 257 30 328 358 26 277 348 208 141 119 196 316 295 255 239 50 259 328 
318 95 83 143 389 290 191 234 310 9 364 377 191 24 97 284 210 330 279 22 295 138 223 320 237 260 392 129 390 232 177 237 36 383 380 187 158 161 323 75 392 118 175 327 146 315 391 330 207 232 54 63 136 255 352 235 370 360 70 397 62 347 296 5 128 301 395 147 290 30 27 337 42 98 179 276 361 0 330 207 149 327 256 344 201 7 233 143 251 335 89 268 351 3 289 104 234 288 137 191 378 83 303 245 340 230 191 343 349 237 3 355 317 65 28 90 177 186 162 84 
320 162 216 229 385 39 20 303 43 369 254 232 108 310 6 253 286 218 363 152 87 155 249 238 144 12 323 299 120 79 354 290 298 233 28 48 156 273 8 129 25 57 337 325 306 304 185 244 256 246 160 175 317 18 69 249 340 225 236 86 86 48 321 194 287 364 172 133 24 183 134 6 302 350 315 238 322 392 111 127 147 290 118 164 313 57 319 75 99 312 32 240 227 291 232 251 8 322 305 77 45 322 165 55 240 264 259 284 246 8 113 40 301 277 212 80 18 378 14 300 
99 232 87 195 232 241 175 181 62 260 259 111 211 346 94 187 393 273 114 22 229 86 311 150 311 121 227 363 335 155 58 68 366 171 248 166 283 1 333 265 199 219 169 116 243 279 104 378 128 367 31 52 55 331 216 385 186 388 154 363 138 229 381 284 107 359 172 145 197 45 43 110 253 125 347 146 227 16 236 397 124 123 3 223 339 319 93 2 316 30 258 10 330 48 332 284 146 85 154 333 126 347 305 252 38 258 114 371 220 190 322 42 183 205 198 125 35 394 269 48 
375 289 146 111 247 228 226 394 155 189 331 113 319 325 102 92 252 52 262 271 39 234 49 108 184 365 255 233 254 36 224 339 50 292 163 51 25 88 293 272 189 231 214 309 286 289 178 21 341 25 190 236 202 217 98 280 23 371 54 88 76 196 0 180 244 14 365 29 264 118 93 101 386 58 388 194 245 359 270 127 267 251 307 4 95 150 204 40 44 214 53 356 149 195 259 73 247 392 311 117 364 308 339 130 33 272 13 47 171 161 370 259 341 288 61 255 365 40 296 99 
143 303 145 4 18 57 321 349 226 42 138 3 125 187 239 365 131 255 120 164 343 117 325 328 155 80 339 179 59 70 221 130 328 102 37 384 57 142 131 197 365 204 285 320 244 323 88 177 62 384 381 282 371 157 176 38 21 261 237 282 195 121 292 331 192 227 135 289 179 346 225 139 64 69 105 275 151 147 374 227 395 282 214 152 166 111 186 357 59 150 260 379 316 281 372 264 109 46 191 190 56 68 194 54 339 383 53 356 207 133 307 109 178 263 136 134 232 148 12 382 
213 282 352 63 334 238 118 353 200 382 230 240 33 214 254 319 286 176 362 396 309 255 389 310 108 157 78 300 145 3 30 232 203 250 264 173 161 288 178 13 74 77 20 365 244 86 15 204 121 1 368 338 15 90 212 310 399 54 110 371 377 22 343 28 101 334 53 189 173 22 255 260 217 193 64 239 267 397 106 7 140 394 350 238 87 318 393 22 213 120 272 306 200 179 143 49 28 94 318 375 378 10 310 30 31 211 243 382 300 322 282 56 352 178 28 297 147 258 203 381 
260 283 317 114 182 355 383 367 118 17 268 36 384 18 62 163 370 298 212 352 385 79 389 6 219 67 195 58 253 96 243 355 102 121 269 378 363 366 335 286 124 272 215 155 199 118 288 220 236 112 364 95 289 186 195 105 150 355 187 377 396 222 233 337 145 264 391 130 207 268 230 103 247 84 246 261 359 320 388 193 244 91 2 194 212 364 397 265 170 27 75 191 295 197 116 350 351 130 292 178 219 148 93 177 301 227 257 328 105 135 384 168 225 165 303 114 321 205 43 159 
253 19 44 243 72 349 365 210 359 157 315 307 229 0 268 292 120 133 49 174 371 210 159 27 365 212 315 230 82 37 308 386 89 355 150 93 214 78 171 197 257 2 149 316 102 54 26 233 350 52 334 63 63 330 119 145 159 0 29 294 94 124 257 10 149 242 320 373 73 288 151 16 85 40 153 213 103 143 159 374 89 118 127 2 211 183 225 195 319 83 78 106 253 233 281 255 120 345 226 68 265 250 281 138 395 137 64 87 63 67 20 54 80 357 285 142 153 225 164 40 
341 99 197 43 55 101 293 138 172 81 213 65 206 5 392 124 91 75 289 169 309 233 385 238 251 7 208 350 151 15 313 8 201 346 235 224 229 136 396 307 392 48 33 5 49 201 172 365 125 391 246 35 35 251 285 152 114 132 367 199 7 155 39 219 259 398 343 50 301 282 151 368 180 270 77 199 136 318 270 213 329 341 356 174 304 63 145 187 125 214 306 179 384 107 135 26 92 24 82 264 264 51 78 91 152 357 178 207 284 75 54 316 55 333 117 321 3 286 276 160 
260 356 82 153 10 376 17 140 122 175 19 122 110 26 152 75 108 235 312 101 5 26 219 251 336 231 369 84 262 304 319 14 175 277 119 66 13 234 156 298 390 125 164 224 232 360 206 345 328 153 389 130 44 129 118 153 282 282 287 287 368 205 233 157 342 386 120 37 256 24 16 170 185 264 330 115 348 278 263 187 276 279 68 221 375 313 191 286 127 223 392 299 345 12 139 389 17 211 94 234 366 60 86 150 9 105 207 186 84 201 140 219 265 301 75 78 144 106 204 147 
181 174 212 31 281 54 13 207 104 0 288 234 364 156 310 230 352 280 395 237 326 396 4 49 189 259 115 254 158 12 216 287 374 79 378 308 328 228 22 34 20 352 359 59 179 65 391 128 148 173 261 149 28 326 88 148 25 112 195 340 56 230 73 90 312 298 98 128 175 300 255 390 235 156 139 311 331 307 386 158 15 255 150 376 141 126 112 284 134 78 36 312 312 305 248 333 325 310 390 110 4 6 63 356 198 285 131 134 12 42 15 327 120 152 150 193 385 301 115 49 
154 387 93 386 165 277 300 223 20 253 139 307 0 188 383 339 78 297 247 319 207 365 149 340 310 206 252 309 239 27 201 236 47 391 199 59 151 26 350 360 284 213 44 393 380 20 278 43 153 40 272 234 170 374 220 60 387 282 288 318 257 80 395 292 315 68 393 170 342 104 309 305 295 262 174 279 158 151 301 133 289 116 166 159 22 267 317 279 230 164 299 323 286 275 113 65 216 273 156 8 170 327 42 48 204 362 140 325 15 93 332 168 333 307 96 151 12 53 320 254 
167 355 101 173 270 398 258 27 253 21 8 300 171 286 308 176 83 360 28 236 200 302 202 236 245 255 103 313 258 235 364 231 78 145 181 259 25 135 295 315 145 9 308 222 177 38 156 166 52 55 294 259 288 66 272 186 336 350 35 93 178 359 10 189 323 244 36 221 328 375 280 25 62 325 361 294 388 247 58 60 311 0 339 290 158 208 357 329 168 72 379 283 83 271 177 197 78 181 201 339 321 246 220 379 155 241 174 13 268 345 309 361 213 235 171 65 188 225 98 337 
116 87 199 220 157 157 138 25 135 172 221 78 349 44 219 267 256 212 364 90 81 132 166 165 388 320 101 169 353 381 190 42 236 114 32 120 343 199 93 32 103 320 280 373 20 336 270 0 149 120 186 246 156 79 36 233 221 198 186 162 293 12 290 141 136 288 222 341 123 389 65 242 36 315 1 208 175 91 157 322 130 227 241 311 19 163 56 284 41 103 321 50 16 22 341 257 304 202 120 189 272 353 366 72 7 163 384 248 52 149 351 138 47 254 264 231 0 392 185 198 
62 121 307 51 394 83 112 207 381 168 183 247 366 354 237 169 105 161 303 196 125 86 317 111 197 369 137 62 89 182 272 288 213 389 56 28 331 42 299 237 149 82 178 76 349 223 70 205 64 157 3 204 64 214 79 202 122 163 9 34 312 117 357 257 39 99 183 54 299 244 349 21 81 95 146 114 262 129 384 349 6 287 7 137 39 381 379 33 183 382 242 61 291 348 271 305 267 363 312 279 34 73 271 63 394 344 399 179 143 144 356 0 98 303 240 34 153 338 124 287 
325 120 172 166 52 68 102 25 136 244 244 137 136 17 328 258 22 22 224 135 65 243 186 14 155 148 73 47 206 142 104 73 138 330 270 150 114 70 163 240 8 327 83 100 374 131 113 166 15 335 317 53 132 340 329 112 11 215 248 9 398 217 72 233 128 348 353 324 165 248 222 334 322 316 108 254 114 9 1 371 203 379 15 117 17 345 169 141 249 384 181 358 160 123 67 133 253 262 77 280 293 370 239 252 334 203 8 65 54 313 97 257 68 276 158 159 318 11 211 109 
397 391 297 385 94 59 258 136 251 383 105 155 314 238 364 1 148 396 174 309 24 76 297 201 272 256 65 220 373 226 351 56 335 387 92 319 127 227 364 231 177 272 173 291 380 258 208 181 252 358 343 272 322 234 16 339 329 345 193 19 348 182 340 247 391 382 373 170 124 361 234 204 199 82 194 218 307 7 65 224 382 275 91 252 42 90 30 37 198 117 6 252 109 303 123 241 77 398 285 393 11 38 3 302 68 43 320 72 311 261 359 219 290 281 65 129 346 390 141 89 
223 268 343 64 255 20 235 63 217 252 380 388 149 66 368 166 290 147 174 132 240 36 140 221 144 33 258 21 361 276 34 150 396 280 284 5 281 302 301 391 323 240 120 164 98 324 281 331 376 4 325 326 375 284 373 175 192 307 197 130 110 397 328 37 357 256 14 278 85 149 137 308 116 50 172 144 251 198 149 229 62 4 45 390 226 260 189 23 235 198 323 367 355 105 357 29 98 347 229 56 330 369 214 283 338 153 110 129 262 206 140 252 28 300 348 173 138 53 169 271 
151 356 179 389 351 287 17 166 91 98 296 229 240 138 396 54 342 143 151 397 124 69 344 121 139 356 157 338 56 327 228 15 205 115 286 27 186 201 261 248 56 269 256 196 111 135 373 348 169 330 382 270 390 83 175 51 337 196 166 221 354 178 228 349 310 364 203 297 316 173 233 172 98 340 292 302 367 241 54 21 369 179 235 252 283 208 105 19 119 260 112 39 210 206 225 227 392 311 131 119 61 36 164 361 367 78 61 201 200 176 42 394 280 241 216 253 354 243 63 95 
230 139 338 55 95 82 36 201 29 251 110 398 374 54 47 135 168 372 259 96 99 396 262 146 85 222 267 331 357 390 200 113 228 51 229 341 49 312 165 277 380 98 355 213 173 299 161 175 150 95 125 296 86 125 133 53 351 112 172 157 75 287 29 369 186 194 208 282 175 374 107 33 252 354 123 357 75 11 115 88 111 373 35 27 282 59 61 283 96 256 260 44 60 343 150 117 65 320 108 204 115 245 47 164 103 4 141 196 265 365 236 10 269 318 110 256 376 125 342 301 
383 118 331 351 191 134 154 375 304 71 0 54 36 44 328 71 372 224 50 380 221 74 245 142 86 132 310 31 118 396 201 34 292 314 56 46 286 275 290 223 254 238 133 45 106 389 287 305 315 174 289 101 161 154 54 75 308 333 66 241 93 240 350 3 87 148 51 113 192 152 197 99 325 268 259 43 93 102 11 154 100 133 147 197 395 325 294 297 366 195 155 157 86 65 124 55 112 43 6 177 286 283 172 205 332 394 273 391 165 376 86 330 215 303 48 182 37 275 93 257 
268 108 89 59 280 214 284 102 295 376 246 277 14 293 302 340 379 0 344 105 218 307 213 42 28 2 191 320 197 363 101 266 342 352 259 372 154 169 181 248 244 243 78 294 153 142 164 193 218 326 47 154 53 191 226 225 123 135 216 377 53 182 355 28 163 393 225 334 390 144 192 326 287 260 244 91 247 125 262 251 80 163 31 145 364 132 277 376 301 229 5 139 380 300 322 111 190 382 60 228 35 228 213 199 97 163 96 204 369 12 187 394 216 257 287 199 280 233 277 21 
376 198 11 301 18 149 120 12 28 22 172 11 233 109 235 324 96 7 123 385 61 337 156 166 23 70 312 82 98 103 27 147 245 272 229 136 143 169 29 250 134 74 248 157 96 146 138 147 357 202 61 163 196 5 176 136 214 123 145 172 176 118 286 167 189 237 297 227 91 399 218 146 244 114 377 81 32 205 28 286 201 274 45 377 79 160 144 71 285 152 131 157 108 94 71 27 102 99 255 70 270 385 215 10 14 374 294 112 385 180 262 13 98 8 292 11 181 314 115 396 
180 180 390 235 284 215 190 230 298 346 256 105 48 5 267 220 12 269 104 353 27 176 131 294 234 36 89 162 237 282 2 333 196 121 49 320 330 264 170 176 367 28 324 85 361 244 382 208 391 304 55 124 166 265 40 163 376 13 229 4 353 282 341 132 339 269 173 36 301 171 36 225 255 272 322 273 113 21 362 140 149 72 266 185 75 87 224 43 275 380 47 124 360 304 259 105 203 41 273 381 317 390 131 34 385 365 290 309 337 194 325 106 304 379 233 177 256 321 241 87 
197 266 288 351 26 37 340 322 258 309 262 69 33 386 191 187 397 108 110 314 31 321 119 194 286 321 93 219 382 49 371 78 389 285 368 295 350 145 257 153 98 361 164 323 371 327 178 194 347 261 300 119 261 267 313 218 345 52 254 239 254 221 288 56 283 333 342 107 30 155 146 326 193 172 274 48 346 12 274 97 339 31 52 100 25 296 2 156 8 138 67 214 6 158 285 94 191 36 11 356 130 173 127 63 297 7 296 354 78 250 87 95 28 52 239 10 53 112 172 144 
355 237 389 295 240 283 116 54 41 264 278 281 112 365 46 286 113 115 143 36 216 282 250 21 353 138 132 16 239 219 28 380 113 323 284 346 354 126 93 235 177 179 288 338 337 340 42 138 193 198 399 395 142 386 19 329 327 26 316 126 113 192 172 26 92 324 159 344 214 381 16 354 159 91 96 359 333 42 9 28 305 8 223 113 137 10 137 342 87 172 15 397 66 377 260 305 219 58 358 8 51 50 275 165 395 201 95 289 60 182 131 27 233 291 280 349 81 108 245 337 
249 120 292 228 26 156 171 234 166 92 202 370 225 67 257 75 109 260 52 183 343 146 385 31 241 141 145 375 255 366 302 260 245 230 84 363 80 178 346 187 357 113 19 206 168 40 96 60 110 310 8 209 4 84 139 32 177 271 99 72 233 10 93 310 356 285 70 27 222 66 377 111 32 130 376 373 304 379 361 321 116 373 115 344 268 389 280 119 273 17 230 135 329 166 361 223 12 54 3 250 75 278 351 267 112 71 82 302 129 162 67 353 169 330 92 179 24 349 225 139 
73 267 33 268 149 298 171 56 359 25 211 115 191 340 244 89 267 216 184 338 67 71 230 212 51 45 172 282 159 164 78 37 273 293 45 256 71 208 314 232 123 174 125 11 259 149 258 32 250 300 275 136 142 160 284 51 236 70 90 198 24 129 134 315 82 358 241 26 133 399 303 199 50 61 185 172 397 273 14 248 262 108 251 264 378 214 155 85 138 140 127 286 141 14 113 375 194 8 374 50 9 110 146 302 131 333 144 13 358 48 163 154 53 385 215 234 31 128 59 386 
359 217 99 314 293 225 392 113 283 209 99 81 138 118 234 180 5 360 154 358 390 313 374 221 257 385 79 103 54 296 5 259 314 243 364 163 264 67 339 47 307 282 17 382 288 271 288 33 34 228 46 144 214 214 114 89 320 324 396 38 69 180 257 335 235 115 293 191 270 187 345 299 372 298 199 225 131 17 219 157 321 10 357 18 140 61 301 87 76 36 358 287 294 285 70 206 370 17 324 169 191 67 291 45 133 187 94 162 235 275 260 241 154 1 263 340 386 103 143 110 
203 39 100 107 79 347 188 360 247 52 338 278 275 321 184 59 93 291 254 26 368 335 35 4 37 147 251 79 30 28 113 310 263 39 95 1 10 6 317 246 178 278 390 112 34 207 289 111 374 11 206 256 362 155 127 159 58 182 377 218 218 355 267 72 167 362 191 217 269 6 382 207 123 237 9 174 212 179 389 128 343 267 87 141 49 32 240 313 17 291 42 285 93 246 388 138 275 152 43 12 370 226 170 316 26 226 66 248 289 197 333 71 152 395 304 375 61 261 239 202 
98 82 54 17 366 27 181 215 195 43 315 225 96 51 55 372 279 93 170 327 305 159 321 59 1 322 274 72 263 180 276 58 102 379 324 397 247 331 245 100 287 154 8 304 223 1 333 335 122 341 41 50 237 232 344 4 138 26 388 184 181 227 230 338 243 262 109 153 175 158 301 59 287 220 170 241 198 132 197 197 380 260 166 2 59 183 155 250 27 137 143 110 176 108 302 329 18 330 136 125 126 380 261 179 155 266 248 77 399 36 327 207 355 192 281 109 309 53 257 134 
284 8 10 226 145 69 84 247 44 0 142 130 204 236 260 212 59 140 235 91 1 8 26 180 105 130 91 13 193 218 51 287 69 143 270 124 78 23 159 69 311 112 70 31 81 39 290 71 56 202 298 148 149 281 23 220 164 258 276 266 249 190 24 206 63 197 307 100 1 153 167 298 269 258 169 269 261 69 136 195 312 171 142 351 113 159 69 32 286 344 123 394 147 184 89 73 288 52 48 35 337 181 373 334 340 382 399 227 80 142 206 257 180 152 15 84 302 146 141 311 
237 108 361 375 89 385 381 10 225 34 94 385 341 129 97 106 70 347 223 137 139 346 363 215 261 234 4 11 388 282 38 281 203 357 358 392 242 50 61 393 331 360 52 116 103 326 18 101 282 306 114 71 172 337 264 399 369 327 5 237 43 14 153 30 15 220 57 278 374 33 81 60 244 270 139 310 78 332 273 103 216 363 351 86 12 106 189 161 338 359 251 81 236 56 398 207 321 377 106 72 317 198 80 13 390 284 43 222 50 315 21 25 295 206 223 77 260 286 273 115 
14 84 222 271 269 158 380 20 153 196 66 230 335 43 291 148 40 345 27 389 171 10 279 305 225 115 121 52 42 373 44 271 95 100 165 352 344 41 27 371 255 229 265 248 260 134 337 119 81 351 195 290 161 323 222 314 93 386 182 36 392 71 87 332 124 1 73 107 195 97 293 230 123 83 342 39 52 177 131 48 283 116 60 317 300 364 115 313 67 66 382 324 36 252 378 67 397 225 242 168 88 285 287 20 101 119 178 154 7 242 145 246 397 209 238 174 340 110 14 360 
300 28 168 60 104 91 348 267 90 268 279 176 254 103 212 197 149 281 356 362 53 209 338 290 159 285 288 174 226 177 198 142 158 360 365 101 187 333 54 188 26 348 96 154 125 117 26 146 307 337 5 237 182 24 30 379 185 354 11 212 140 348 372 371 226 206 36 245 213 26 143 15 184 200 246 30 28 96 377 210 135 7 61 206 387 269 62 281 307 310 214 24 59 281 95 224 368 293 86 71 238 122 320 90 185 375 289 116 293 48 138 30 106 226 195 130 290 298 202 52 
373 34 10 227 296 398 320 204 65 71 394 0 285 309 81 23 134 50 328 101 47 348 373 172 306 124 191 259 349 133 73 181 247 94 255 12 393 228 190 143 347 42 345 202 12 242 377 14 87 353 4 184 18 142 337 166 377 75 107 280 218 167 356 51 274 178 76 187 328 67 2 34 328 327 266 220 307 219 384 358 180 364 332 342 262 12 7 4 101 248 236 329 387 327 322 102 316 294 378 169 107 50 116 364 366 134 358 47 88 166 303 247 133 250 137 230 339 111 318 300 
16 58 285 350 238 15 236 375 382 1 336 317 140 347 43 117 7 126 261 249 244 188 158 265 147 132 115 384 338 159 31 40 240 11 132 272 261 197 282 269 33 381 134 207 130 164 255 38 41 249 190 340 223 85 164 293 340 19 369 348 281 84 161 96 207 65 393 327 239 178 35 113 43 32 166 120 148 278 250 198 46 205 202 248 113 296 394 274 210 269 11 179 289 277 317 202 132 197 197 329 356 334 399 393 38 243 294 255 236 169 209 397 77 147 192 172 195 334 344 344 
339 26 394 380 83 139 363 128 247 271 175 272 92 209 232 95 88 317 158 284 193 21 15 164 206 51 297 360 283 144 164 368 193 228 278 127 181 303 386 361 64 71 337 291 31 51 147 298 283 184 39 327 123 17 329 290 89 309 60 340 227 340 137 305 83 257 230 149 369 7 234 94 214 133 160 235 85 43 219 243 294 154 57 313 258 183 314 159 262 32 2 281 305 210 93 243 336 155 323 213 29 91 77 38 244 80 103 63 166 306 277 97 272 28 139 185 334 141 248 83 
13 126 179 366 63 308 393 30 34 312 373 167 147 133 273 105 143 257 59 279 122 64 108 124 355 390 21 96 248 188 171 71 342 37 326 187 212 160 52 379 368 240 67 4 234 11 142 367 192 192 199 267 393 77 390 381 326 80 145 277 230 156 381 258 233 110 147 184 327 128 343 193 146 173 101 259 137 278 125 257 79 101 1 388 91 209 59 123 385 321 261 304 145 244 163 77 222 0 259 174 354 42 297 41 192 230 212 348 106 318 53 70 148 88 113 313 25 259 373 94 
348 195 57 265 289 62 264 350 222 357 14 116 332 39 3 250 82 178 280 232 84 123 351 294 88 240 128 226 233 397 249 206 47 396 134 25 223 112 81 367 63 243 76 51 333 286 236 44 336 346 152 13 383 85 99 250 337 167 214 56 357 261 161 196 194 277 227 295 273 243 377 8 26 212 179 130 365 329 269 39 227 310 189 246 243 131 200 281 216 131 106 242 35 228 373 327 286 342 217 395 65 399 134 383 8 334 334 313 100 142 126 116 241 302 190 152 376 95 183 27 
262 45 21 136 237 209 173 95 265 214 224 62 326 332 224 62 384 201 291 176 106 6 358 282 179 169 260 109 54 79 199 393 162 13 78 35 233 54 208 21 28 207 239 39 375 129 112 349 249 159 107 272 87 105 206 274 130 352 214 364 85 188 225 74 147 186 238 378 193 281 278 320 384 215 31 382 174 279 254 98 13 71 381 128 180 127 333 386 324 108 206 13 142 397 28 294 371 109 204 117 252 179 312 105 123 55 7 91 274 310 193 71 99 88 385 121 215 159 364 212 
178 211 97 297 359 252 97 374 265 175 353 253 242 204 62 246 87 231 16 215 331 118 34 115 114 315 1 1 393 163 210 271 325 125 57 135 377 31 184 129 77 230 133 56 395 220 367 113 330 399 82 9 129 335 200 143 116 376 178 2 147 1 376 380 244 68 62 255 397 255 56 367 38 42 335 385 143 91 260 33 126 134 132 10 156 265 12 194 208 247 47 100 107 338 54 146 166 174 327 266 153 244 378 392 126 197 55 333 150 48 196 31 330 102 270 97 228 379 310 4 
110 191 142 381 203 110 163 41 69 101 45 287 247 54 69 37 204 269 103 214 344 164 24 226 342 149 377 262 161 286 125 301 294 25 103 343 297 156 280 298 248 255 248 182 110 380 274 29 217 252 21 147 221 79 279 162 249 12 269 241 171 298 313 278 176 285 83 298 351 54 300 76 279 100 270 360 373 352 392 57 155 24 361 364 109 169 90 248 285 178 305 283 74 199 387 54 325 195 170 300 356 210 216 231 186 318 330 108 102 136 384 304 395 218 220 378 32 250 9 154 
201 225 286 347 214 236 19 342 123 131 195 183 240 377 275 115 345 244 210 58 360 269 129 346 161 153 197 276 351 201 11 179 229 79 283 138 72 35 0 284 203 53 295 290 59 371 214 137 380 365 207 187 307 391 4 191 293 303 333 259 320 112 297 312 249 21 113 302 358 18 51 18 77 112 349 278 205 248 328 272 395 290 152 181 271 78 337 40 80 258 12 237 333 37 122 243 126 187 264 337 250 146 147 176 378 109 110 282 398 95 370 321 46 379 390 275 212 41 47 156 
24 363 89 236 140 1 135 251 138 265 295 347 90 251 121 317 216 100 338 246 262 178 284 147 269 48 336 346 122 97 183 195 215 18 29 23 167 267 375 216 246 327 278 146 320 133 29 161 321 125 0 194 349 23 301 238 385 296 79 84 25 398 144 342 387 207 399 311 164 269 3 275 363 268 191 32 147 327 118 292 268 80 368 295 347 199 14 282 160 44 282 56 377 232 323 12 326 233 248 291 285 205 338 195 111 370 247 76 74 42 61 254 16 212 27 364 72 41 70 160 
212 133 219 238 3 391 71 13 263 90 191 131 313 84 93 368 235 63 9 31 111 55 185 120 7 323 265 90 108 359 142 247 307 89 231 191 221 370 229 114 382 120 157 112 32 378 300 19 24 236 139 192 393 275 210 90 264 99 177 343 208 359 125 311 327 224 40 114 352 67 293 145 114 188 378 161 58 199 150 99 285 128 277 199 256 57 114 26 27 349 268 205 250 290 140 185 102 372 38 287 149 48 254 101 141 110 93 78 239 195 260 184 305 165 336 205 236 384 95 18 
152 296 82 68 116 32 131 227 346 187 24 335 130 386 89 35 390 389 319 47 55 181 301 251 190 193 4 40 133 79 145 217 7 158 202 2 20 105 233 128 154 207 7 361 113 321 269 229 341 251 343 61 218 182 138 99 59 45 8 178 115 399 81 136 112 165 156 257 340 165 70 133 270 390 266 277 344 196 355 194 354 38 62 191 208 318 291 392 48 273 148 275 46 376 7 149 203 6 241 360 187 171 260 156 254 248 394 12 209 324 130 35 6 111 43 286 33 85 271 323 
373 149 338 226 190 306 218 395 32 185 33 48 304 116 40 268 113 15 383 101 19 58 3 318 87 254 199 240 5 211 246 42 1 96 55 375 12 325 371 367 295 262 243 304 301 233 109 302 209 242 272 360 54 348 173 205 174 203 314 191 165 63 241 200 383 364 94 42 174 136 41 27 344 117 160 224 185 223 89 153 246 200 70 14 226 19 329 152 387 13 11 259 119 210 376 2 148 79 317 228 269 148 165 326 44 13 47 281 364 257 356 277 278 346 296 270 79 262 287 309 
335 61 290 3 309 260 354 322 377 162 28 76 226 273 366 280 137 103 73 289 142 310 247 26 346 160 207 208 357 207 214 190 168 307 24 263 37 253 376 223 198 349 308 106 36 23 29 234 57 27 213 83 391 357 90 81 202 338 370 124 300 20 375 203 360 199 293 23 177 69 161 33 291 231 109 55 58 318 393 291 178 241 252 164 383 215 132 113 382 263 58 59 284 302 153 114 261 241 384 315 31 292 390 241 249 154 190 298 350 141 123 315 62 225 214 254 318 132 350 226 
239 41 318 260 381 325 325 221 41 185 194 12 201 369 31 294 382 12 320 59 199 286 107 171 84 242 330 248 301 196 239 317 371 62 71 191 231 65 259 116 315 6 355 34 22 293 211 72 380 390 138 339 28 343 256 346 203 109 273 122 130 62 192 377 164 367 45 293 339 233 9 285 83 65 378 243 94 152 282 80 217 224 261 184 391 145 307 256 125 266 290 29 38 124 152 126 312 387 343 349 7 310 226 242 24 210 111 249 217 210 318 85 351 338 313 53 175 387 251 181 
273 1 166 200 258 212 256 181 201 340 206 224 204 80 148 330 372 241 347 171 319 362 84 351 52 307 253 79 332 343 209 194 351 58 196 243 220 191 0 149 190 360 153 356 267 399 136 254 206 310 150 210 200 378 103 167 242 61 121 176 310 115 253 30 15 269 149 279 222 229 367 102 158 105 273 35 395 123 245 213 286 392 391 4 156 360 189 84 256 150 262 303 229 48 214 386 233 81 1 75 191 333 165 273 67 381 365 388 19 12 84 231 156 112 183 380 147 349 78 350 
182 7 60 196 369 86 116 85 389 399 399 39 54 113 395 221 260 285 134 128 173 329 188 300 176 118 77 399 133 289 99 206 252 55 306 72 147 77 272 47 187 111 199 228 173 343 281 2 297 32 228 206 320 75 150 269 291 242 370 375 10 60 35 186 250 304 369 354 273 141 386 184 308 329 3 73 107 8 167 168 250 192 30 86 356 154 250 81 219 236 62 395 267 309 200 125 8 280 320 347 260 397 385 9 182 244 344 254 312 92 59 328 143 51 237 49 208 238 63 144 
305 139 392 227 62 293 55 44 174 200 376 201 389 70 54 121 394 10 337 91 380 282 320 57 16 50 248 246 206 303 349 259 302 377 312 216 285 132 27 1 244 264 257 342 266 288 201 288 105 225 100 89 399 204 300 356 358 85 40 77 309 260 333 353 248 28 376 385 190 218 329 243 66 192 290 10 237 83 161 103 393 146 25 223 57 216 344 319 103 36 260 286 109 326 359 386 297 157 349 102 267 383 300 346 0 360 147 187 340 55 54 53 388 181 281 86 242 183 251 340 
172 70 133 98 31 222 194 175 183 115 34 80 235 123 202 15 23 327 238 35 153 339 97 386 32 257 108 213 306 273 45 203 366 277 322 144 97 33 199 335 60 8 108 342 277 373 187 185 61 375 312 394 179 177 362 183 151 224 89 148 1 254 344 155 3 359 132 273 28 186 190 138 127 258 326 160 147 6 232 48 124 302 28 182 58 311 8 347 288 280 377 219 312 102 82 204 180 213 307 203 248 208 174 57 231 378 246 310 28 230 41 61 266 229 352 193 325 222 356 246 
131 82 371 227 285 256 291 54 282 150 198 40 142 330 15 387 174 264 132 289 136 189 101 375 129 163 188 370 286 125 117 208 119 134 272 387 73 133 292 369 172 372 134 64 196 321 138 256 267 100 330 265 351 162 197 134 200 162 217 98 108 174 356 258 342 332 327 291 21 45 60 310 129 229 314 297 164 285 119 185 374 358 381 52 153 271 32 147 118 40 159 71 359 23 264 180 103 155 385 44 375 48 132 365 115 195 379 109 292 262 29 20 39 357 279 44 190 266 207 181 
101 94 309 236 72 65 26 252 290 205 5 261 249 262 100 380 41 196 208 148 398 195 229 75 22 10 384 344 38 140 105 100 220 380 35 342 245 196 178 84 336 264 189 102 386 278 243 269 267 177 194 372 265 366 134 86 235 382 32 304 9 317 7 328 291 266 147 255 343 280 151 243 391 309 174 40 330 25 106 135 1 369 297 87 204 157 57 188 303 182 301 349 80 228 113 186 114 79 26 318 262 85 66 161 256 395 274 322 88 103 48 147 35 126 220 372 97 89 294 341 
232 253 242 86 257 75 350 385 305 165 131 251 267 50 266 231 147 372 113 44 38 312 126 232 9 350 308 356 255 250 100 201 111 314 213 131 149 392 167 38 328 386 292 255 316 216 152 172 329 70 50 46 251 324 220 46 379 234 344 142 254 199 91 353 381 340 79 13 229 52 371 80 31 63 213 305 371 128 51 232 344 43 190 145 367 178 161 141 49 122 289 314 6 202 4 276 296 260 279 139 167 263 27 343 142 164 207 89 390 63 212 356 394 393 141 204 90 220 213 398 
339 278 6 64 319 121 135 378 58 290 262 325 37 73 22 387 206 280 394 144 367 144 243 247 117 312 54 296 292 328 258 88 186 85 304 169 33 93 299 60 153 230 179 4 6 129 237 301 117 325 333 45 356 154 39 137 179 146 385 171 374 255 269 147 108 17 294 108 357 190 9 385 351 135 327 47 145 217 39 300 284 225 225 216 383 116 56 323 250 94 136 64 38 152 81 8 371 160 33 114 193 52 265 113 99 46 41 174 320 391 158 296 300 133 45 26 199 359 240 124 
260 3 176 12 285 45 179 94 325 27 249 289 14 326 322 229 364 324 130 250 234 276 375 362 203 217 74 218 196 11 292 60 280 314 20 169 115 356 78 125 236 345 341 323 325 126 28 147 196 383 10 282 215 200 300 265 51 69 335 384 190 72 207 108 366 315 153 334 193 87 280 350 350 132 190 176 92 2 256 278 290 23 72 358 399 394 197 333 283 96 325 260 333 245 134 275 158 318 138 147 349 332 281 312 197 258 75 222 253 75 70 291 126 166 180 342 346 260 57 159 
218 196 148 127 345 235 116 329 240 186 141 65 81 27 330 115 24 13 389 183 238 336 21 388 0 82 8 211 320 300 193 358 394 215 115 8 74 51 383 166 284 168 138 351 116 382 371 24 223 203 163 323 217 379 54 192 320 133 265 20 249 155 341 378 162 226 43 376 136 339 191 179 74 369 378 117 381 267 203 302 370 357 270 280 85 34 368 160 182 165 306 34 61 201 364 227 90 348 259 341 11 147 254 151 210 74 21 283 6 364 347 301 392 226 222 112 73 335 124 42 
27 43 25 163 149 253 78 74 394 191 228 233 348 93 209 299 44 398 226 250 214 119 186 173 331 44 106 50 79 184 370 216 277 254 54 97 103 193 260 118 74 49 325 188 225 231 83 261 241 100 234 330 197 85 257 263 243 265 315 103 398 53 345 322 141 136 370 4 380 75 278 384 178 204 31 389 51 155 393 111 247 163 356 209 379 381 88 178 198 98 216 294 222 288 313 127 140 15 389 194 173 20 187 159 202 358 234 28 107 255 318 81 360 388 345 25 48 233 198 151 
253 303 186 87 279 31 28 327 312 236 166 357 0 388 204 123 59 295 61 313 399 332 120 193 90 31 161 89 92 335 131 12 112 328 40 194 161 268 135 178 11 231 30 229 319 307 96 156 43 393 16 292 137 217 159 73 167 268 371 58 199 216 152 187 359 308 235 304 292 349 37 201 171 184 20 88 81 344 64 395 131 178 77 294 128 384 348 369 133 291 247 66 89 44 221 92 331 29 234 152 328 395 91 306 178 166 81 392 205 333 324 239 284 364 393 359 75 135 391 191 
