30 10000000
869 938 572 281 871 695 344 529 315 125 318 29 545 661 173 717 119 593 555 321 247 741 633 791 716 965 860 14 333 64 
718 403 9 790 52 722 996 365 625 79 465 482 292 45 784 623 677 607 73 360 589 981 234 498 942 2 798 469 561 811 
279 777 439 778 29 352 738 236 71 539 557 719 993 599 673 688 511 873 913 501 25 896 440 590 943 922 434 113 79 986 
240 231 661 720 8 289 50 993 485 142 168 584 82 41 316 349 429 639 877 989 881 982 949 379 916 685 189 382 427 431 
910 810 667 553 757 11 418 79 599 624 284 194 686 100 130 221 258 219 896 848 523 171 102 524 157 224 890 535 885 941 
691 843 356 551 745 331 338 468 875 645 541 933 193 182 745 616 308 858 818 937 778 235 880 849 774 413 138 159 600 151 
663 55 209 588 816 360 673 619 962 603 109 371 219 456 867 563 491 587 207 369 101 79 539 690 637 617 547 362 252 225 
351 276 946 181 412 27 635 934 253 442 214 86 990 993 82 738 490 137 393 397 869 827 154 766 548 907 505 995 587 667 
570 773 279 925 950 629 182 176 29 584 884 327 237 519 144 903 217 170 918 136 878 591 317 885 362 893 235 479 757 661 
440 743 501 467 889 83 380 946 150 867 621 326 30 540 360 966 873 540 657 689 303 527 695 175 487 90 588 204 866 342 
153 761 937 360 628 748 979 238 500 601 396 820 676 329 987 847 542 881 467 770 538 6 861 552 855 552 67 105 33 452 
535 864 476 599 589 708 408 135 719 846 293 692 680 410 865 767 419 986 928 418 429 807 635 913 408 185 388 583 193 945 
72 4 172 149 302 173 358 28 472 924 340 866 72 546 514 294 501 594 54 731 989 656 943 220 205 282 128 371 815 294 
985 747 955 468 72 340 233 645 419 216 861 28 673 532 636 188 90 88 71 146 453 291 686 836 177 464 535 226 501 94 
751 404 475 767 103 69 594 782 354 102 932 287 487 830 616 42 346 496 585 456 168 230 774 145 539 661 747 581 394 472 
375 1 532 25 448 149 350 270 164 92 316 97 737 611 901 330 200 565 50 352 853 718 559 270 10 47 555 995 253 801 
189 757 127 318 520 270 134 852 632 151 341 83 789 804 658 674 831 305 985 541 387 796 271 313 654 466 218 179 534 398 
743 870 201 895 803 467 632 338 214 30 828 32 213 846 933 634 735 317 415 841 899 913 21 258 592 499 266 563 820 998 
534 823 713 490 349 16 981 377 279 198 121 113 923 618 4 740 469 152 921 804 890 109 934 595 106 173 854 722 853 384 
74 232 937 685 643 181 267 24 299 944 891 672 197 726 845 852 2 788 141 88 454 679 675 514 450 1 887 826 779 479 
511 297 298 273 79 329 461 585 152 669 71 104 692 586 772 309 161 759 559 591 180 401 719 445 592 82 871 516 799 738 
533 921 511 983 414 88 89 257 544 228 150 713 368 224 699 620 388 957 543 674 163 181 611 907 852 656 337 380 221 28 
135 822 270 90 766 897 405 846 422 439 250 992 813 995 861 945 880 452 271 352 609 941 367 862 17 655 670 750 15 520 
821 465 146 222 821 72 292 343 158 220 487 467 389 643 564 900 824 179 298 388 164 828 844 288 17 905 935 620 971 288 
906 391 893 418 638 704 537 381 816 401 555 848 484 163 983 534 468 123 128 38 274 427 955 770 683 684 634 856 228 938 
5 718 161 496 422 289 675 502 148 878 170 232 379 642 940 513 274 136 765 440 941 138 615 34 51 522 891 176 963 993 
785 442 235 71 805 347 297 676 114 7 437 318 363 235 478 252 568 429 717 347 334 868 799 599 690 296 6 476 951 356 
954 565 214 891 108 501 573 769 700 684 67 308 564 500 43 963 532 60 175 517 679 341 463 269 70 508 891 765 427 911 
909 129 785 324 450 437 986 46 306 665 649 152 437 420 209 183 497 439 821 188 58 779 818 719 545 589 186 458 97 689 
530 997 293 478 303 293 453 233 212 99 483 947 526 194 617 751 964 409 422 535 689 258 305 678 933 969 452 12 947 313 
