16 2000000
22 122 158 100 35 102 125 192 20 93 77 72 88 148 111 172 
46 24 83 60 108 76 85 116 136 159 128 166 58 64 127 40 
81 99 98 127 21 128 126 76 94 90 24 38 51 29 35 40 
189 20 159 85 101 162 69 73 179 127 153 66 169 13 23 135 
15 20 153 56 80 19 87 94 165 47 96 171 64 137 193 29 
60 147 12 135 51 107 186 65 56 132 131 138 182 73 29 139 
168 35 52 117 67 69 73 158 1 189 78 152 111 70 113 186 
1 61 31 27 69 136 83 140 45 53 55 157 25 154 74 91 
52 105 50 145 150 199 116 84 34 12 42 156 96 149 60 71 
126 153 2 72 147 97 17 120 164 4 108 164 42 17 61 72 
180 54 124 161 113 48 159 105 160 180 83 183 36 46 42 157 
10 152 165 174 29 86 52 79 92 167 35 189 89 14 167 144 
158 113 10 119 188 42 19 132 12 29 122 33 97 153 138 27 
61 90 16 101 171 22 187 96 109 63 100 162 111 113 176 45 
195 116 99 66 159 91 119 149 84 30 102 163 160 118 69 41 
23 135 41 14 181 10 102 100 127 148 158 107 26 169 47 127 
