80 10000000
248 245 388 209 339 132 545 444 633 917 125 912 465 411 953 758 23 893 725 439 836 141 556 557 620 49 844 387 474 633 956 656 194 826 711 127 421 18 9 122 2 53 943 729 170 240 772 758 357 644 456 299 588 293 843 286 367 468 868 795 160 497 275 634 759 541 365 323 407 535 721 175 120 397 678 145 94 454 384 501 
539 862 923 704 537 217 127 929 571 915 373 213 460 808 536 89 375 431 567 948 568 436 226 626 803 390 827 793 141 534 400 357 263 418 470 655 410 689 272 318 463 352 440 972 350 988 820 508 234 200 485 82 858 289 244 348 467 280 214 927 661 921 834 702 59 690 160 310 151 837 13 293 645 241 868 557 558 118 79 459 
432 128 614 733 676 14 366 452 593 979 150 270 687 565 343 222 518 20 850 528 152 677 566 543 12 15 482 386 492 166 439 751 361 159 938 606 406 955 825 434 259 207 740 699 771 146 758 919 368 25 723 322 21 576 484 300 59 378 665 338 544 147 903 575 14 44 770 28 880 271 261 494 914 651 111 792 609 858 16 104 
865 521 148 174 814 792 727 106 116 770 290 149 19 271 645 596 213 968 606 328 146 779 488 753 767 736 416 52 186 83 996 866 633 132 53 187 571 395 430 283 878 367 253 92 971 560 946 92 616 155 37 225 700 879 429 34 928 390 62 143 628 558 219 140 128 145 693 698 12 650 834 230 569 312 9 758 442 695 797 889 
477 797 680 135 23 627 178 777 575 277 250 426 49 372 308 870 638 657 740 201 841 868 122 660 317 559 503 739 614 172 295 818 118 822 870 866 41 895 472 967 714 797 436 188 543 962 832 80 283 964 731 890 979 19 351 59 779 722 470 788 193 911 943 96 457 198 504 459 899 978 686 363 955 853 867 413 120 427 767 107 
783 634 458 581 24 189 217 229 209 226 135 352 561 415 118 410 16 556 502 113 190 989 373 805 201 87 47 710 307 213 192 62 922 203 432 88 329 819 591 818 464 926 817 503 320 310 675 832 610 337 807 420 488 928 956 445 724 873 42 454 543 122 596 905 853 943 494 621 695 701 217 945 0 488 21 82 517 106 271 675 
191 949 619 973 51 683 268 212 395 860 633 109 254 72 410 605 22 165 508 316 601 515 784 114 570 6 347 16 720 900 506 330 7 304 932 987 117 726 780 881 152 896 935 139 79 640 171 209 14 382 57 771 510 61 548 605 524 849 882 233 873 676 155 733 906 513 991 374 376 416 373 469 762 100 10 633 338 985 822 78 
942 842 589 212 872 26 244 475 584 889 507 53 208 769 98 668 568 498 71 975 499 467 335 607 593 561 18 910 335 853 948 346 52 65 969 326 46 147 481 627 764 198 589 725 101 173 625 928 273 609 770 93 838 709 593 703 846 408 376 683 358 946 309 999 658 539 925 730 911 352 971 509 914 655 825 960 448 694 429 848 
133 471 872 656 728 631 948 245 551 431 220 359 607 481 304 28 135 23 904 735 493 385 137 345 17 806 630 631 289 797 617 381 556 444 490 288 723 768 143 962 805 230 549 274 34 866 437 506 226 478 147 45 567 878 507 440 584 233 213 1 720 298 395 485 855 160 992 78 286 82 27 733 608 143 547 692 271 93 926 48 
277 904 917 829 125 350 554 410 497 257 573 334 445 365 683 666 636 682 305 505 401 115 623 143 721 704 728 806 935 274 88 350 159 501 503 645 607 139 854 645 467 702 735 286 689 53 506 276 340 347 77 978 732 301 132 158 270 491 626 735 88 408 190 117 648 973 217 520 669 235 390 387 806 360 211 674 890 539 296 674 
8 763 750 368 928 422 321 756 217 278 265 295 12 80 830 667 48 295 626 635 648 751 555 883 354 758 304 9 170 352 892 835 510 738 553 707 315 150 440 993 888 881 230 695 433 530 320 563 31 645 90 640 398 382 148 462 623 697 111 35 631 905 7 210 552 584 977 955 438 743 70 467 909 318 360 374 833 814 309 210 
101 469 994 806 688 482 610 994 885 713 215 585 827 201 296 396 437 884 300 233 825 343 741 92 966 108 752 396 834 412 157 562 594 184 978 869 503 753 253 434 549 310 761 490 756 127 520 699 532 888 522 892 221 216 621 555 421 274 62 58 582 619 327 882 679 710 241 494 577 484 332 507 317 264 148 974 172 690 614 39 
807 186 740 908 280 512 749 625 625 577 201 47 668 156 691 210 354 470 704 272 560 387 207 255 30 318 801 957 506 19 387 646 61 35 538 722 412 432 342 381 66 281 106 747 363 792 531 435 988 625 614 723 82 758 183 261 57 722 400 288 406 594 591 530 694 963 523 933 240 367 256 215 64 850 736 471 693 716 765 452 
246 536 708 528 225 13 668 957 900 458 184 975 736 15 81 10 402 233 560 837 67 527 218 760 771 19 308 457 129 475 953 237 390 137 514 598 820 687 245 16 361 783 882 256 808 770 122 951 17 383 72 659 415 774 668 798 939 798 598 644 55 196 600 847 518 28 47 237 842 437 139 725 606 385 13 229 918 698 153 295 
435 147 740 550 555 557 383 588 848 625 869 589 911 430 545 577 93 619 652 909 21 39 982 148 637 759 890 989 42 224 719 533 384 766 499 822 671 212 315 231 450 981 177 854 513 314 806 339 874 980 160 543 300 621 45 126 516 602 312 24 908 964 307 694 656 984 846 251 162 427 55 377 225 313 603 390 198 104 804 54 
223 993 428 763 71 199 240 113 141 347 104 751 924 350 510 124 180 280 533 6 182 546 372 217 486 807 251 845 444 408 605 257 563 504 335 47 942 908 888 344 543 464 649 513 946 166 95 478 946 872 799 718 562 960 369 23 679 917 248 28 788 721 681 956 454 866 322 645 969 702 717 824 282 626 821 119 583 851 239 956 
11 710 981 180 583 254 631 612 781 69 211 674 375 429 607 543 520 398 548 660 192 955 326 411 286 8 281 767 121 199 990 71 568 787 134 111 507 60 310 575 137 421 83 983 635 730 672 651 681 694 966 196 331 164 260 504 315 292 951 355 833 120 803 646 567 759 107 927 47 434 269 352 689 406 65 316 681 481 36 527 
761 312 88 214 91 640 398 48 961 356 543 939 672 647 543 281 634 858 3 972 899 16 245 160 679 191 613 192 74 658 730 660 112 549 377 673 390 353 565 529 648 121 792 37 341 163 945 889 152 979 719 751 440 565 613 526 946 146 206 827 125 52 730 153 454 741 394 390 597 621 457 518 632 11 459 331 223 942 690 229 
640 60 175 695 28 498 158 58 697 677 885 134 57 113 118 118 571 656 418 947 529 653 713 124 538 113 792 429 152 838 562 69 452 771 546 468 473 279 71 373 438 161 409 184 80 943 915 747 616 101 522 18 752 241 77 773 516 93 598 633 711 133 520 489 3 521 800 591 797 564 185 165 504 478 99 977 385 927 251 9 
571 86 569 507 748 833 934 432 623 45 709 641 932 921 164 650 541 222 930 47 474 289 971 213 367 244 530 442 844 641 198 487 949 657 680 12 747 693 380 613 444 106 214 612 526 418 735 487 450 985 184 284 958 117 542 530 27 578 839 970 777 477 700 5 167 295 231 759 663 276 310 677 697 380 225 403 959 498 113 481 
874 732 601 607 155 458 954 750 620 570 881 577 256 482 572 468 703 56 157 435 623 319 637 991 632 707 413 725 142 847 121 727 93 813 478 318 952 446 366 280 578 578 305 511 801 290 574 91 103 891 883 425 507 750 305 235 632 431 403 58 668 579 688 561 987 853 135 348 381 266 115 73 933 931 319 413 612 187 107 634 
278 562 392 504 339 313 737 170 144 631 682 506 647 620 149 399 732 980 451 854 762 757 640 927 318 461 850 618 409 278 211 402 972 795 925 144 663 640 229 99 450 124 155 870 104 786 17 970 337 289 26 622 95 577 94 420 659 967 619 391 288 91 565 778 992 823 977 745 703 250 486 870 429 998 358 877 47 783 140 777 
944 614 253 667 828 804 500 904 789 291 137 690 402 737 258 458 748 382 837 172 131 481 84 643 561 309 778 183 165 130 845 940 994 57 84 166 393 104 987 345 301 239 173 101 45 682 17 378 247 640 816 144 371 323 6 891 854 849 463 141 664 770 28 52 528 691 190 685 670 27 394 721 921 820 518 976 266 276 979 627 
793 572 251 614 527 121 413 861 452 145 950 494 665 232 298 320 648 860 804 795 987 477 434 88 211 618 989 521 26 760 688 764 58 356 734 229 919 106 568 650 331 766 567 450 273 164 135 496 828 108 645 685 424 480 227 276 793 648 194 642 803 958 327 430 546 206 648 261 84 96 448 129 299 481 201 146 271 566 658 109 
603 250 762 245 974 410 532 199 125 200 228 939 223 581 952 343 594 539 170 446 772 561 597 714 228 559 693 645 426 861 164 534 108 72 923 290 611 301 982 849 30 760 979 938 197 695 564 2 136 274 195 449 184 558 270 901 358 243 211 403 492 291 53 155 313 628 687 100 297 767 920 688 163 89 128 329 549 714 35 212 
405 69 180 861 505 263 827 499 994 812 410 109 900 214 668 437 249 711 407 580 902 313 27 566 478 219 843 263 550 479 108 863 2 314 836 202 598 740 573 91 38 745 274 842 529 111 225 923 84 80 922 97 820 26 159 874 62 614 852 285 994 646 8 82 125 442 436 921 542 405 684 341 460 795 740 146 13 118 349 397 
514 1 864 179 585 420 579 245 299 9 601 634 816 991 526 613 271 317 740 393 403 793 743 690 826 450 304 725 663 186 72 259 603 8 427 819 487 53 191 694 173 414 637 478 704 945 863 745 305 843 531 922 924 561 439 889 306 166 253 212 775 157 297 686 15 839 985 399 29 910 540 13 268 499 222 681 26 757 931 541 
154 124 385 508 600 485 940 770 130 902 132 166 325 989 337 165 710 732 546 2 163 327 578 770 1 281 644 268 670 332 977 913 113 767 904 80 609 693 981 710 900 124 972 76 274 763 679 729 16 432 535 865 289 224 896 382 850 904 753 190 668 924 890 781 8 654 405 957 342 201 10 628 743 798 134 125 28 911 916 720 
326 418 240 462 23 945 727 40 896 623 650 96 805 909 37 146 566 631 75 924 639 376 580 756 923 861 234 657 748 984 816 564 630 908 436 888 733 649 246 16 51 824 929 792 311 17 819 320 43 514 48 460 92 708 187 102 536 985 143 480 970 192 554 925 521 620 387 704 699 153 966 359 596 233 510 785 867 630 651 157 
63 929 20 437 205 803 662 291 974 345 757 27 287 21 179 849 888 11 687 860 185 857 575 196 337 475 569 504 138 950 518 59 850 931 944 655 235 390 782 954 765 855 301 961 433 688 146 626 985 273 413 542 135 281 936 431 220 518 769 311 234 599 811 505 924 79 28 379 884 548 962 36 501 697 183 338 130 689 551 392 
902 102 208 326 246 369 786 817 252 226 102 725 485 249 867 520 173 206 575 800 769 247 259 792 606 24 674 679 80 176 436 289 790 929 198 715 660 112 732 113 504 270 817 730 665 766 358 902 781 344 306 734 563 573 137 790 336 956 231 895 901 653 407 79 168 923 535 677 738 623 94 391 186 523 650 470 536 828 667 301 
836 797 572 766 312 199 699 374 315 653 174 130 192 511 552 530 622 989 932 572 521 206 530 572 569 897 896 18 305 237 283 909 187 372 910 799 586 685 225 201 696 242 6 385 305 727 64 488 567 69 821 457 31 677 870 583 989 736 108 374 628 447 101 692 816 79 183 41 863 479 332 542 765 821 95 658 967 933 775 579 
787 539 961 315 278 812 354 432 382 424 397 232 913 731 426 468 540 428 512 21 377 613 116 373 643 292 762 344 196 113 460 506 362 49 601 58 413 434 95 671 52 81 364 218 712 16 433 61 472 204 809 266 39 238 240 55 515 224 119 760 919 602 231 286 740 749 12 294 643 25 149 397 831 794 864 347 865 584 243 909 
627 927 705 696 976 163 81 955 395 992 69 924 816 858 146 941 433 993 27 792 554 183 907 785 687 156 82 868 356 65 848 694 780 548 160 696 70 244 119 521 669 942 541 547 247 223 666 114 553 403 197 248 481 861 473 556 884 263 922 187 921 748 111 176 845 365 391 41 112 529 777 514 784 616 950 966 21 394 594 450 
276 107 867 284 440 362 289 972 54 179 847 875 512 505 608 425 565 568 638 203 342 882 815 701 20 136 273 747 696 187 208 679 147 203 941 990 735 880 505 379 661 7 578 193 993 328 253 595 515 390 397 582 288 54 706 466 24 284 742 620 281 770 124 72 772 522 810 845 510 493 609 129 234 285 858 103 748 97 899 309 
569 567 722 275 622 151 26 201 974 652 380 241 232 734 135 445 592 167 123 26 733 99 802 421 899 51 224 956 74 43 277 344 502 34 160 537 232 163 294 147 181 498 931 424 222 952 673 463 416 979 855 635 284 16 619 767 386 386 467 336 249 519 753 715 386 769 45 321 990 203 599 783 21 652 5 987 369 489 809 797 
346 766 703 938 491 612 773 687 717 570 636 684 539 229 639 518 125 946 738 969 217 966 276 206 702 148 391 834 547 990 792 199 88 839 154 895 899 449 152 782 286 387 107 207 118 533 584 161 223 14 622 60 215 806 998 55 801 752 212 99 538 458 509 198 713 16 257 929 34 901 747 730 84 356 207 201 916 607 948 61 
17 157 337 559 201 657 845 978 956 969 841 616 112 548 953 401 820 847 12 320 642 2 727 222 166 734 592 731 308 282 426 17 441 759 317 364 912 576 304 239 872 342 913 841 20 267 595 728 379 622 514 116 377 830 899 23 886 50 176 716 349 511 426 302 728 780 247 602 226 43 503 879 621 617 386 460 925 208 476 643 
957 362 579 686 649 426 712 215 267 797 660 308 849 831 462 34 15 843 610 25 313 818 211 481 340 272 172 555 477 387 580 387 418 366 584 701 80 877 22 421 861 210 471 819 831 663 683 647 428 845 908 82 251 317 140 709 531 828 280 901 307 404 530 815 994 129 393 153 976 929 92 810 52 24 359 954 231 554 188 117 
769 954 901 379 570 611 337 772 996 237 902 971 727 979 359 792 517 418 661 34 624 140 58 861 592 478 564 184 505 399 943 962 132 770 142 527 549 589 795 421 901 723 93 396 265 183 202 493 347 506 837 497 759 263 465 134 65 781 887 70 21 981 324 16 447 701 439 219 148 27 610 720 480 782 398 968 433 513 676 638 
748 865 857 854 335 866 801 197 351 645 384 403 131 437 812 423 8 818 623 385 79 53 589 46 564 341 616 943 655 745 196 795 512 239 448 879 519 637 353 467 466 286 598 903 403 23 599 869 409 770 87 880 198 915 644 318 48 369 572 506 108 615 659 309 32 108 362 742 695 152 426 135 723 888 169 450 86 883 748 356 
841 869 174 721 881 748 328 536 966 802 418 0 182 139 64 299 834 687 144 74 927 338 123 473 568 138 691 853 946 976 732 195 96 3 93 619 184 810 369 940 109 312 489 465 950 524 588 501 975 698 58 900 263 476 493 762 210 461 82 383 664 920 126 707 30 956 236 214 147 171 902 923 941 843 986 102 469 564 511 660 
344 595 695 242 735 270 992 665 530 553 982 704 369 217 219 595 867 855 90 842 258 328 400 349 686 306 60 574 241 401 824 599 731 571 136 214 288 704 947 550 935 78 360 409 707 420 403 803 127 726 863 464 685 360 814 160 704 350 423 938 988 300 856 918 922 321 253 160 848 722 95 938 432 900 671 321 240 273 245 123 
698 167 557 271 885 5 433 382 651 895 581 944 644 948 878 298 372 279 940 119 328 315 811 820 631 226 164 120 510 104 953 588 300 211 729 615 688 45 721 46 320 597 988 42 595 315 35 730 64 611 120 523 321 132 415 572 435 394 343 719 511 824 608 381 949 393 662 545 447 457 549 32 797 312 964 71 440 559 646 982 
352 990 967 732 633 173 797 43 883 82 503 957 682 770 466 390 798 523 425 500 195 801 661 765 771 936 782 336 762 658 136 903 651 592 682 571 522 790 555 464 81 635 197 834 983 630 190 120 61 375 117 152 947 221 978 444 995 100 273 300 827 474 873 116 977 25 24 254 762 991 929 75 964 436 768 511 517 676 317 386 
556 463 856 566 166 53 524 117 355 405 527 123 882 759 328 325 178 473 474 464 507 367 800 660 300 839 585 378 374 604 559 12 393 569 554 501 998 680 266 841 36 955 421 126 87 83 686 546 934 551 839 38 428 400 920 84 225 466 736 222 625 157 731 671 590 909 612 877 874 143 581 287 823 590 93 91 890 668 466 572 
525 148 648 514 413 920 216 522 403 374 404 288 22 505 361 42 689 277 222 311 601 834 413 367 563 189 703 660 883 860 597 506 295 120 756 819 493 112 792 695 634 427 29 450 534 166 314 421 836 663 367 114 277 265 720 74 703 298 203 9 410 353 950 533 956 827 508 114 758 584 90 866 551 689 540 43 343 13 630 345 
774 261 752 222 373 68 497 479 61 499 799 401 496 196 502 611 517 901 504 182 671 991 492 611 80 496 425 99 618 806 524 965 311 69 176 571 417 994 214 430 748 881 726 564 915 92 637 14 352 405 439 271 448 414 254 50 286 151 659 811 439 888 549 441 622 824 160 490 313 917 216 320 476 964 238 922 124 331 146 326 
134 445 425 325 521 286 809 152 298 463 547 298 639 29 968 14 181 693 248 466 485 59 486 387 21 843 384 60 28 87 461 673 440 859 208 449 771 853 460 892 74 976 112 608 728 43 150 698 827 422 775 220 38 997 417 882 527 280 467 489 281 889 655 497 372 456 481 138 292 323 688 558 640 738 171 718 972 939 638 360 
232 417 869 862 58 498 40 130 970 73 47 417 453 385 976 550 636 547 503 121 629 186 845 751 922 765 332 67 313 5 849 637 365 895 147 202 546 844 796 773 158 991 14 213 630 111 311 126 767 950 16 52 542 585 922 150 610 112 690 719 913 488 375 483 864 504 249 440 791 273 532 994 195 74 206 172 814 186 653 67 
900 215 324 981 544 319 624 443 527 501 902 203 146 686 679 393 594 700 606 774 455 74 202 753 90 562 791 54 988 388 474 292 773 631 756 420 521 469 454 398 793 226 111 974 70 781 634 943 859 370 675 262 492 959 467 859 145 966 962 12 351 307 45 498 649 990 360 807 651 539 165 328 431 16 22 416 260 846 287 718 
492 676 936 192 764 224 97 431 497 535 631 661 17 192 886 228 696 52 511 744 788 920 77 624 459 638 594 74 972 537 559 917 155 512 124 10 121 517 268 829 883 22 37 241 385 643 854 34 378 849 610 759 6 54 221 455 796 294 44 723 142 398 241 748 114 279 999 862 90 909 795 30 637 377 908 992 999 915 981 549 
991 612 544 74 824 803 733 300 194 990 379 995 226 92 838 500 999 345 114 516 950 521 439 553 393 360 534 11 155 546 402 947 199 150 994 843 746 616 158 719 470 936 632 754 360 637 958 4 972 581 277 506 431 897 528 462 150 397 456 161 365 30 966 718 730 399 431 145 956 597 216 280 502 841 859 793 128 167 848 636 
327 365 855 458 940 165 868 366 739 486 477 395 53 448 624 662 376 639 48 989 389 666 962 400 75 924 139 295 98 939 933 853 658 807 169 763 405 341 374 184 826 292 187 663 395 696 737 354 66 814 133 78 663 167 933 502 733 600 577 909 54 328 44 654 156 756 402 902 898 24 364 916 138 287 434 543 16 629 841 450 
790 675 925 740 609 259 768 627 693 92 764 977 693 600 117 815 381 28 923 122 11 240 799 339 539 375 627 843 754 385 575 918 606 175 993 303 276 991 980 821 393 290 389 701 997 833 34 728 421 247 195 295 248 59 814 539 421 268 662 530 899 290 755 503 936 771 160 488 158 299 793 446 483 656 91 817 95 765 545 26 
500 468 404 989 865 978 882 151 312 341 226 964 489 489 839 28 38 652 739 942 504 935 766 942 833 86 71 379 100 250 810 188 138 20 291 933 799 844 722 652 36 548 264 505 477 246 688 861 462 517 137 10 706 75 403 755 989 982 553 445 107 728 630 471 223 200 858 86 968 91 87 764 785 271 511 370 32 481 41 147 
898 797 715 962 445 478 850 951 789 15 784 999 891 529 213 978 707 573 129 264 973 805 744 54 583 399 728 5 305 930 575 413 97 659 161 232 775 257 352 833 675 288 500 415 214 867 406 821 911 678 919 52 935 195 262 634 750 323 162 789 895 984 309 659 642 544 882 948 810 948 640 554 382 482 998 767 747 544 698 192 
681 554 533 121 348 53 153 929 743 941 158 255 388 156 737 965 487 324 614 932 268 671 776 809 550 941 366 822 449 478 520 60 770 744 834 375 766 59 336 906 80 347 244 101 279 774 155 492 343 679 582 634 927 130 464 838 347 281 412 277 426 246 409 8 227 993 175 647 347 13 604 846 115 678 275 254 584 590 109 943 
362 488 802 502 473 684 121 962 309 389 734 219 533 471 540 92 930 853 236 696 77 66 156 339 30 270 131 267 463 707 476 799 456 137 546 606 44 583 499 43 36 586 727 968 74 971 34 985 361 540 880 210 547 259 369 987 379 499 950 691 596 815 546 619 369 512 876 484 759 889 293 724 496 233 805 236 801 608 115 902 
830 78 604 270 869 752 954 5 776 173 657 934 111 24 247 275 749 238 347 831 722 555 303 722 953 424 640 432 682 439 182 603 483 458 87 954 603 521 336 386 903 907 671 868 816 263 451 415 773 907 605 40 181 421 507 71 271 223 930 891 670 568 275 393 63 409 570 969 757 734 43 433 575 982 734 294 503 348 133 768 
215 383 482 662 672 910 286 114 451 200 392 878 395 987 843 654 146 395 84 480 323 606 778 994 136 22 310 707 949 983 677 373 684 265 139 713 643 103 899 203 483 425 773 583 242 344 206 317 139 384 150 281 741 11 886 998 65 779 656 996 840 455 876 46 389 890 760 833 758 129 776 771 264 708 606 360 739 102 92 851 
516 616 311 931 667 707 350 380 140 349 820 511 849 173 162 916 600 330 784 127 897 74 453 97 755 591 686 561 703 614 171 810 116 763 440 615 205 271 331 156 272 259 337 766 633 666 606 422 959 929 676 394 156 74 179 701 514 355 827 625 92 352 454 521 611 768 361 675 675 166 92 422 902 542 72 201 526 116 457 316 
168 231 924 595 615 155 538 184 167 551 869 223 620 908 355 625 506 80 457 921 614 978 74 819 836 734 840 182 314 523 834 895 765 52 806 616 499 460 57 457 937 933 677 958 446 226 466 840 367 883 905 857 772 409 124 994 715 339 554 311 300 777 266 766 885 943 93 275 318 252 137 744 879 523 139 587 713 369 789 664 
363 329 832 377 350 284 963 443 779 133 77 275 931 884 688 313 727 193 879 316 730 148 353 278 883 850 934 336 479 291 657 905 30 841 231 75 533 547 719 975 564 859 370 531 409 205 909 537 861 594 213 177 909 652 386 137 204 642 463 53 783 526 121 914 433 581 813 703 184 726 695 173 975 535 113 390 381 988 681 909 
686 906 470 460 945 387 92 484 626 899 221 584 649 266 98 123 538 675 315 243 382 5 300 934 514 143 9 396 711 601 91 285 130 160 51 461 908 795 502 948 301 356 425 403 549 57 919 276 75 292 265 537 961 919 117 232 983 636 323 254 479 228 939 529 793 358 75 170 88 506 984 779 981 487 314 909 635 26 782 358 
906 32 446 424 896 357 371 821 548 774 574 594 445 244 131 818 803 2 759 437 220 969 619 768 482 498 689 735 811 956 831 504 729 534 435 137 914 863 925 765 675 516 307 747 121 74 976 407 656 101 38 877 24 752 823 20 220 638 606 903 429 984 315 554 303 176 63 835 729 565 820 670 963 792 321 430 467 334 197 561 
145 631 873 499 132 79 723 413 676 587 376 599 289 134 890 964 755 300 954 606 196 479 736 994 308 336 441 829 123 920 920 622 428 71 552 470 696 990 784 141 696 528 104 239 175 14 387 503 279 755 222 3 691 204 456 432 973 317 818 55 482 920 145 16 266 639 314 422 548 180 413 244 425 919 917 630 552 887 279 946 
898 893 305 968 38 766 709 529 56 943 557 380 382 5 281 943 948 821 960 147 968 698 427 768 376 950 200 276 634 835 141 918 468 33 131 144 741 235 630 140 180 621 322 773 112 969 912 145 432 538 81 366 220 944 978 75 659 14 896 841 550 360 262 818 213 537 653 96 57 108 228 897 409 265 568 361 945 954 957 448 
672 518 758 494 784 974 161 605 916 311 670 454 181 783 34 126 421 427 847 322 920 464 918 744 31 289 704 504 599 761 281 452 754 689 94 108 821 660 480 804 921 704 514 634 853 80 256 98 212 304 712 245 251 505 989 938 774 614 1 419 244 774 923 603 368 714 522 246 241 297 313 202 516 635 139 597 576 811 904 71 
306 432 273 217 419 85 672 46 359 128 684 553 31 496 492 127 265 299 657 574 869 766 209 175 140 206 585 256 645 191 827 156 720 651 113 519 6 877 72 413 408 455 536 282 559 320 75 791 28 114 212 988 50 299 59 569 64 330 382 682 731 789 513 314 372 465 769 126 46 209 933 229 610 490 366 607 646 223 97 444 
75 32 387 542 270 16 997 850 626 887 847 875 28 757 857 511 711 185 104 942 785 225 174 928 486 98 238 527 555 835 926 477 421 733 173 454 307 925 959 25 529 957 791 763 639 903 164 565 322 788 7 264 457 493 356 326 618 880 239 202 534 140 801 826 682 96 587 404 312 617 594 111 541 195 580 739 420 387 146 300 
547 826 86 619 741 932 910 245 496 473 250 184 279 476 603 508 538 507 900 230 956 574 422 275 30 923 606 818 443 256 385 386 404 51 276 695 996 47 445 55 598 952 174 490 702 297 155 313 733 852 409 702 129 858 370 621 196 499 286 249 924 144 108 273 435 951 769 340 336 766 208 204 78 660 404 831 163 949 386 115 
147 756 970 283 862 190 774 405 72 252 756 671 135 569 481 489 554 517 783 331 88 65 856 450 383 676 123 312 238 126 863 330 725 811 390 598 243 642 76 124 752 14 247 420 724 404 545 568 968 478 555 444 724 344 685 331 792 585 76 731 719 645 867 917 473 648 341 966 736 405 425 889 237 352 479 760 860 177 211 664 
789 834 584 773 772 354 630 694 419 707 726 51 615 441 245 148 536 333 680 635 325 24 312 52 519 340 198 884 157 463 336 704 889 785 924 184 136 969 36 468 743 98 98 461 380 572 326 607 819 736 359 245 906 932 935 46 31 784 938 679 144 800 415 161 276 35 887 932 240 643 654 356 540 550 472 547 455 444 6 191 
896 394 49 437 895 911 830 150 427 461 955 425 638 234 817 50 22 791 274 201 188 489 109 374 722 358 383 52 193 586 892 571 873 187 751 474 852 633 478 116 805 419 370 867 365 774 317 3 799 999 213 640 69 738 432 82 961 324 928 184 464 414 697 499 220 123 184 317 90 124 999 81 20 209 486 676 39 476 100 124 
111 337 87 752 649 440 832 657 601 446 226 312 822 696 308 40 707 553 861 620 135 759 384 420 63 585 168 684 282 819 758 902 526 758 536 810 913 833 388 978 514 532 118 267 33 319 22 497 237 263 318 665 965 801 802 125 224 337 840 652 8 101 522 64 980 645 994 708 598 974 821 310 173 824 539 273 315 525 239 326 
9 539 650 500 2 635 60 429 158 690 877 803 40 272 497 187 473 192 147 40 118 271 27 691 880 65 378 482 867 440 302 223 593 406 905 27 656 765 607 179 585 908 984 753 418 637 962 621 374 789 243 558 571 556 773 707 308 270 619 279 569 313 427 197 852 160 461 616 13 278 66 231 825 991 352 814 629 620 838 32 
577 101 251 244 571 245 4 790 426 424 965 135 821 976 239 567 18 64 947 562 683 920 166 753 798 907 734 995 683 997 220 932 116 992 698 940 416 873 535 610 800 15 913 291 399 684 2 734 923 120 254 322 417 17 811 762 952 663 138 696 963 663 541 303 853 598 138 485 617 97 591 689 832 499 214 378 367 743 387 105 
927 830 595 47 950 554 80 281 871 700 827 11 373 940 713 747 950 559 376 112 134 925 803 859 521 603 181 724 469 879 707 936 526 203 909 49 772 99 390 647 739 498 857 734 34 658 215 407 702 482 14 980 911 253 444 726 698 793 381 281 897 405 449 491 281 215 154 873 514 108 100 506 268 505 309 584 976 378 471 972 
468 481 140 177 340 329 426 212 261 499 871 2 59 289 438 883 350 113 850 686 792 621 443 820 74 672 519 673 984 939 547 673 674 634 170 255 29 288 836 548 473 658 802 998 347 546 978 999 494 579 7 352 974 101 594 325 534 921 382 578 522 839 912 590 879 61 6 159 802 620 867 279 894 246 280 542 602 386 476 807 
