12 4000000
348 142 85 169 339 295 5 362 3 330 270 367 
198 241 61 2 232 113 392 337 343 231 69 349 
76 273 187 320 295 240 358 242 210 44 351 189 
191 393 59 239 339 9 51 17 183 387 372 22 
349 178 247 182 48 321 260 12 111 213 354 332 
107 315 338 264 207 68 30 213 288 301 27 218 
116 132 22 393 8 201 239 177 268 305 255 19 
162 305 143 115 296 57 364 354 66 206 54 90 
299 124 72 137 93 380 285 129 63 243 352 111 
382 267 164 11 48 22 294 335 373 47 112 44 
270 276 95 378 291 321 8 30 271 190 182 144 
15 301 39 141 331 172 360 139 164 114 317 107 
