24 8000000
135 561 693 369 85 687 255 711 695 188 769 677 208 60 320 335 129 222 572 176 410 545 11 187 
239 151 358 147 174 457 386 296 592 59 98 611 206 466 395 5 119 179 376 363 543 14 399 244 
633 314 467 773 393 354 91 45 755 513 324 389 568 522 514 539 162 460 317 687 285 372 89 92 
393 595 310 27 525 65 634 229 367 33 363 152 321 135 386 764 478 184 732 678 405 337 307 445 
197 491 524 155 330 605 370 341 470 2 259 31 707 349 713 554 72 378 620 656 683 119 198 625 
727 419 472 638 302 517 443 534 128 256 697 16 540 22 412 440 677 651 679 733 297 363 708 331 
431 430 30 500 623 794 81 724 103 586 62 533 362 207 419 16 123 308 10 501 571 614 513 397 
447 659 522 30 230 530 436 527 234 708 650 237 244 249 169 749 405 598 24 626 50 341 211 17 
127 206 169 116 240 661 648 540 556 132 276 522 163 602 767 64 545 580 470 291 739 795 184 67 
682 46 77 255 750 289 244 451 756 758 317 531 451 76 376 684 83 549 526 681 743 460 783 580 
733 758 747 349 324 40 357 640 717 666 4 322 773 411 428 652 1 213 622 59 763 530 507 231 
285 734 254 578 411 111 618 4 646 67 433 677 606 489 504 74 71 771 423 4 287 329 453 405 
495 370 355 180 65 591 696 499 625 792 45 159 262 427 186 647 67 274 17 737 249 5 88 138 
576 720 349 45 581 661 326 549 678 533 454 774 700 587 183 697 440 570 580 166 49 73 485 311 
157 491 17 698 510 580 559 712 639 617 398 292 607 487 566 614 493 422 286 696 501 207 224 384 
441 492 105 384 484 240 629 314 315 279 219 696 501 302 580 267 108 342 482 563 437 677 447 542 
364 334 787 468 691 738 187 274 445 663 102 565 134 616 113 762 582 605 437 707 357 556 127 29 
273 224 481 512 365 537 520 534 684 212 589 480 255 493 560 501 12 66 449 364 224 218 513 381 
773 549 425 707 407 581 328 4 627 366 339 628 82 394 89 310 21 641 725 197 65 311 711 50 
173 661 324 207 537 589 589 716 577 440 94 575 434 386 328 457 509 617 769 407 330 641 569 6 
718 220 625 715 448 328 424 529 136 185 470 356 314 201 284 398 258 445 91 96 415 202 549 436 
693 503 177 176 477 229 562 782 192 525 586 537 261 776 731 762 583 789 63 340 650 54 56 781 
783 380 266 590 614 325 232 45 99 66 140 137 84 574 683 149 499 508 137 601 279 480 616 597 
399 401 743 231 434 445 745 367 464 606 594 145 654 475 537 571 752 722 699 392 567 84 365 772 
